[gd_scene load_steps=1 format=2]

[ext_resource id=1 path="e.Toilet.tscn" type="PackedScene"]
[ext_resource id=2 path="e.GreenMan.tscn" type="PackedScene"]
[ext_resource path="res://export/meshes/m_e_RecHab1-BI-Mat_escn_1.mesh" type="ArrayMesh" id=3]
[ext_resource path="res://export/meshes/m_e_RecHab1-BI-Mat_escn_2.mesh" type="ArrayMesh" id=4]
[ext_resource path="res://export/meshes/m_e_RecHab1-BI-Mat_escn_3.mesh" type="ArrayMesh" id=5]
[ext_resource path="res://export/meshes/m_e_RecHab1-BI-Mat_escn_4.mesh" type="ArrayMesh" id=6]
[ext_resource path="res://export/meshes/m_e_RecHab1-BI-Mat_escn_5.mesh" type="ArrayMesh" id=7]
[ext_resource path="res://export/meshes/m_e_RecHab1-BI-Mat_escn_6.mesh" type="ArrayMesh" id=8]
[ext_resource path="res://export/meshes/m_e_RecHab1-BI-Mat_escn_7.mesh" type="ArrayMesh" id=9]
[ext_resource path="res://export/meshes/m_e_RecHab1-BI-Mat_escn_8.mesh" type="ArrayMesh" id=10]
[ext_resource path="res://export/meshes/m_e_RecHab1-BI-Mat_escn_9.mesh" type="ArrayMesh" id=11]
[ext_resource path="res://export/meshes/m_e_RecHab1-BI-Mat_escn_10.mesh" type="ArrayMesh" id=12]
[ext_resource path="res://export/meshes/m_e_RecHab1-BI-Mat_escn_11.mesh" type="ArrayMesh" id=13]
[ext_resource path="res://export/meshes/m_e_RecHab1-BI-Mat_escn_12.mesh" type="ArrayMesh" id=14]
[ext_resource path="res://export/meshes/m_e_RecHab1-BI-Mat_escn_13.mesh" type="ArrayMesh" id=15]
[ext_resource path="res://export/meshes/m_e_RecHab1-BI-Mat_escn_14.mesh" type="ArrayMesh" id=16]
[ext_resource path="res://export/meshes/m_e_RecHab1-BI-Mat_escn_15.mesh" type="ArrayMesh" id=17]
[ext_resource path="res://export/meshes/m_e_RecHab1-BI-Mat_escn_16.mesh" type="ArrayMesh" id=18]
[ext_resource path="res://export/meshes/m_e_RecHab1-BI-Mat_escn_17.mesh" type="ArrayMesh" id=19]
[ext_resource path="res://export/meshes/m_e_RecHab1-BI-Mat_escn_18.mesh" type="ArrayMesh" id=20]
[ext_resource path="res://export/meshes/m_e_RecHab1-BI-Mat_escn_19.mesh" type="ArrayMesh" id=21]
[ext_resource path="res://export/meshes/m_e_RecHab1-BI-Mat_escn_20.mesh" type="ArrayMesh" id=22]
[ext_resource path="res://export/meshes/m_e_RecHab1-BI-Mat_escn_21.mesh" type="ArrayMesh" id=23]
[ext_resource path="res://export/meshes/m_e_RecHab1-BI-Mat_escn_22.mesh" type="ArrayMesh" id=24]
[ext_resource path="res://export/meshes/m_e_RecHab1-BI-Mat_escn_23.mesh" type="ArrayMesh" id=25]
[ext_resource path="res://export/meshes/m_e_RecHab1-BI-Mat_escn_24.mesh" type="ArrayMesh" id=26]
[ext_resource path="res://export/meshes/m_e_RecHab1-BI-Mat_escn_25.mesh" type="ArrayMesh" id=27]
[ext_resource path="res://export/meshes/m_e_RecHab1-BI-Mat_escn_26.mesh" type="ArrayMesh" id=28]
[ext_resource path="res://export/meshes/m_e_RecHab1-BI-Mat_escn_27.mesh" type="ArrayMesh" id=29]
[ext_resource path="res://export/meshes/m_e_RecHab1-BI-Mat_escn_28.mesh" type="ArrayMesh" id=30]
[ext_resource path="res://export/meshes/m_e_RecHab1-BI-Mat_escn_29.mesh" type="ArrayMesh" id=31]
[ext_resource path="res://export/meshes/m_e_RecHab1-BI-Mat_escn_30.mesh" type="ArrayMesh" id=32]
[ext_resource path="res://export/meshes/m_e_RecHab1-BI-Mat_escn_31.mesh" type="ArrayMesh" id=33]
[ext_resource path="res://export/meshes/m_e_RecHab1-BI-Mat_escn_32.mesh" type="ArrayMesh" id=34]
[ext_resource path="res://export/meshes/m_e_RecHab1-BI-Mat_escn_33.mesh" type="ArrayMesh" id=35]
[ext_resource path="res://export/meshes/m_e_RecHab1-BI-Mat_escn_34.mesh" type="ArrayMesh" id=36]
[ext_resource path="res://export/meshes/m_e_RecHab1-BI-Mat_escn_35.mesh" type="ArrayMesh" id=37]
[ext_resource path="res://export/meshes/m_e_RecHab1-BI-Mat_escn_36.mesh" type="ArrayMesh" id=38]
[ext_resource path="res://export/meshes/m_e_RecHab1-BI-Mat_escn_37.mesh" type="ArrayMesh" id=39]
[ext_resource path="res://export/meshes/m_e_RecHab1-BI-Mat_escn_38.mesh" type="ArrayMesh" id=40]
[ext_resource path="res://export/meshes/m_e_RecHab1-BI-Mat_escn_39.mesh" type="ArrayMesh" id=41]
[ext_resource path="res://export/meshes/m_e_RecHab1-BI-Mat_escn_40.mesh" type="ArrayMesh" id=42]
[ext_resource path="res://export/meshes/m_e_RecHab1-BI-Mat_escn_41.mesh" type="ArrayMesh" id=43]
[ext_resource path="res://export/meshes/m_e_RecHab1-BI-Mat_escn_42.mesh" type="ArrayMesh" id=44]
[ext_resource path="res://export/meshes/m_e_RecHab1-BI-Mat_escn_43.mesh" type="ArrayMesh" id=45]
[ext_resource path="res://export/meshes/m_e_RecHab1-BI-Mat_escn_44.mesh" type="ArrayMesh" id=46]
[ext_resource path="res://export/meshes/m_e_RecHab1-BI-Mat_escn_45.mesh" type="ArrayMesh" id=47]
[ext_resource path="res://export/meshes/m_e_RecHab1-BI-Mat_escn_46.mesh" type="ArrayMesh" id=48]
[ext_resource path="res://export/meshes/m_e_RecHab1-BI-Mat_escn_47.mesh" type="ArrayMesh" id=49]
[ext_resource path="res://export/meshes/m_e_RecHab1-BI-Mat_escn_48.mesh" type="ArrayMesh" id=50]
[ext_resource path="res://export/meshes/m_e_RecHab1-BI-Mat_escn_49.mesh" type="ArrayMesh" id=51]
[ext_resource path="res://export/meshes/m_e_RecHab1-BI-Mat_escn_50.mesh" type="ArrayMesh" id=52]
[ext_resource path="res://export/meshes/m_e_RecHab1-BI-Mat_escn_51.mesh" type="ArrayMesh" id=53]
[ext_resource path="res://export/meshes/m_e_RecHab1-BI-Mat_escn_52.mesh" type="ArrayMesh" id=54]
[ext_resource path="res://export/meshes/m_e_RecHab1-BI-Mat_escn_53.mesh" type="ArrayMesh" id=55]
[ext_resource path="res://export/meshes/m_e_RecHab1-BI-Mat_escn_54.mesh" type="ArrayMesh" id=56]
[ext_resource path="res://export/meshes/m_e_RecHab1-BI-Mat_escn_55.mesh" type="ArrayMesh" id=57]
[ext_resource path="res://export/meshes/m_e_RecHab1-BI-Mat_escn_56.mesh" type="ArrayMesh" id=58]
[ext_resource path="res://export/meshes/m_e_RecHab1-BI-Mat_escn_57.mesh" type="ArrayMesh" id=59]
[ext_resource path="res://export/meshes/m_e_RecHab1-BI-Mat_escn_58.mesh" type="ArrayMesh" id=60]
[ext_resource path="res://export/meshes/m_e_RecHab1-BI-Mat_escn_59.mesh" type="ArrayMesh" id=61]
[ext_resource path="res://export/meshes/m_e_RecHab1-BI-Mat_escn_60.mesh" type="ArrayMesh" id=62]
[ext_resource path="res://export/meshes/m_e_RecHab1-BI-Mat_escn_61.mesh" type="ArrayMesh" id=63]
[ext_resource path="res://export/meshes/m_e_RecHab1-BI-Mat_escn_62.mesh" type="ArrayMesh" id=64]
[ext_resource path="res://export/meshes/m_e_RecHab1-BI-Mat_escn_63.mesh" type="ArrayMesh" id=65]
[ext_resource path="res://export/meshes/m_e_RecHab1-BI-Mat_escn_64.mesh" type="ArrayMesh" id=66]
[ext_resource path="res://export/meshes/m_e_RecHab1-BI-Mat_escn_65.mesh" type="ArrayMesh" id=67]
[ext_resource path="res://export/meshes/m_e_RecHab1-BI-Mat_escn_66.mesh" type="ArrayMesh" id=68]
[ext_resource path="res://export/meshes/m_e_RecHab1-BI-Mat_escn_67.mesh" type="ArrayMesh" id=69]
[ext_resource path="res://export/meshes/m_e_RecHab1-BI-Mat_escn_68.mesh" type="ArrayMesh" id=70]
[ext_resource path="res://export/meshes/m_e_RecHab1-BI-Mat_escn_69.mesh" type="ArrayMesh" id=71]
[ext_resource path="res://export/meshes/m_e_RecHab1-BI-Mat_escn_70.mesh" type="ArrayMesh" id=72]
[ext_resource path="res://export/meshes/m_e_RecHab1-BI-Mat_escn_71.mesh" type="ArrayMesh" id=73]
[ext_resource path="res://export/meshes/m_e_RecHab1-BI-Mat_escn_72.mesh" type="ArrayMesh" id=74]
[ext_resource path="res://export/meshes/m_e_RecHab1-BI-Mat_escn_73.mesh" type="ArrayMesh" id=75]
[ext_resource path="res://export/meshes/m_e_RecHab1-BI-Mat_escn_74.mesh" type="ArrayMesh" id=76]
[ext_resource path="res://export/meshes/m_e_RecHab1-BI-Mat_escn_75.mesh" type="ArrayMesh" id=77]
[ext_resource path="res://export/meshes/m_e_RecHab1-BI-Mat_escn_76.mesh" type="ArrayMesh" id=78]
[ext_resource path="res://export/meshes/m_e_RecHab1-BI-Mat_escn_77.mesh" type="ArrayMesh" id=79]
[ext_resource path="res://export/meshes/m_e_RecHab1-BI-Mat_escn_78.mesh" type="ArrayMesh" id=80]
[ext_resource path="res://export/meshes/m_e_RecHab1-BI-Mat_escn_79.mesh" type="ArrayMesh" id=81]
[ext_resource path="res://export/meshes/m_e_RecHab1-BI-Mat_escn_80.mesh" type="ArrayMesh" id=82]
[ext_resource path="res://export/meshes/m_e_RecHab1-BI-Mat_escn_81.mesh" type="ArrayMesh" id=83]
[ext_resource path="res://export/meshes/m_e_RecHab1-BI-Mat_escn_82.mesh" type="ArrayMesh" id=84]
[ext_resource path="res://export/meshes/m_e_RecHab1-BI-Mat_escn_83.mesh" type="ArrayMesh" id=85]
[ext_resource path="res://export/meshes/m_e_RecHab1-BI-Mat_escn_84.mesh" type="ArrayMesh" id=86]
[ext_resource path="res://export/meshes/m_e_RecHab1-BI-Mat_escn_85.mesh" type="ArrayMesh" id=87]
[ext_resource path="res://export/meshes/m_e_RecHab1-BI-Mat_escn_86.mesh" type="ArrayMesh" id=88]
[ext_resource path="res://export/meshes/m_e_RecHab1-BI-Mat_escn_87.mesh" type="ArrayMesh" id=89]
[ext_resource path="res://export/meshes/m_e_RecHab1-BI-Mat_escn_88.mesh" type="ArrayMesh" id=90]
[ext_resource path="res://export/meshes/m_e_RecHab1-BI-Mat_escn_89.mesh" type="ArrayMesh" id=91]
[ext_resource path="res://export/meshes/m_e_RecHab1-BI-Mat_escn_90.mesh" type="ArrayMesh" id=92]
[ext_resource path="res://export/meshes/m_e_RecHab1-BI-Mat_escn_91.mesh" type="ArrayMesh" id=93]
[ext_resource path="res://export/meshes/m_e_RecHab1-BI-Mat_escn_92.mesh" type="ArrayMesh" id=94]
[ext_resource path="res://export/meshes/m_e_RecHab1-BI-Mat_escn_93.mesh" type="ArrayMesh" id=95]
[ext_resource path="res://export/meshes/m_e_RecHab1-BI-Mat_escn_94.mesh" type="ArrayMesh" id=96]
[ext_resource path="res://export/meshes/m_e_RecHab1-BI-Mat_escn_95.mesh" type="ArrayMesh" id=97]
[ext_resource path="res://export/meshes/m_e_RecHab1-BI-Mat_escn_96.mesh" type="ArrayMesh" id=98]
[ext_resource path="res://export/meshes/m_e_RecHab1-BI-Mat_escn_97.mesh" type="ArrayMesh" id=99]
[ext_resource path="res://export/meshes/m_e_RecHab1-BI-Mat_escn_98.mesh" type="ArrayMesh" id=100]
[ext_resource path="res://export/meshes/m_e_RecHab1-BI-Mat_escn_99.mesh" type="ArrayMesh" id=101]
[ext_resource path="res://export/meshes/m_e_RecHab1-BI-Mat_escn_100.mesh" type="ArrayMesh" id=102]
[ext_resource path="res://export/meshes/m_e_RecHab1-BI-Mat_escn_101.mesh" type="ArrayMesh" id=103]
[ext_resource path="res://export/meshes/m_e_RecHab1-BI-Mat_escn_102.mesh" type="ArrayMesh" id=104]
[ext_resource path="res://export/meshes/m_e_RecHab1-BI-Mat_escn_103.mesh" type="ArrayMesh" id=105]
[ext_resource path="res://export/meshes/m_e_RecHab1-BI-Mat_escn_104.mesh" type="ArrayMesh" id=106]
[ext_resource path="res://export/meshes/m_e_RecHab1-BI-Mat_escn_105.mesh" type="ArrayMesh" id=107]
[ext_resource path="res://export/meshes/m_e_RecHab1-BI-Mat_escn_106.mesh" type="ArrayMesh" id=108]
[ext_resource path="res://export/meshes/m_e_RecHab1-BI-Mat_escn_107.mesh" type="ArrayMesh" id=109]
[ext_resource path="res://export/meshes/m_e_RecHab1-BI-Mat_escn_108.mesh" type="ArrayMesh" id=110]

[node type="Spatial" name="RecHab1-BI-Mat"]

transform = Transform(1.0, 0.0, 0.0, 0.0, 1.0, 0.0, 0.0, 0.0, 1.0, -1493.88, -77.797, 367.53)

[node name="GreenMan1027" type="Spatial" parent="."]

transform = Transform(1.0, 0.0, 0.0, 0.0, 1.0, 0.0, 0.0, 0.0, 1.0, 1508.43, 77.4168, -340.433)

[node name="GreenMan" parent="GreenMan1027" instance=ExtResource ( 2 )]

instance = ExtResource ( 2 )

[node name="LightTube-FiberoptCable-Armature004" type="MeshInstance" parent="."]

mesh = ExtResource( 3 )
visible = true
transform = Transform(1.0, 0.0, 0.0, 0.0, 1.0, -1.06173e-08, 0.0, 1.06173e-08, 1.0, 1.17347e-07, 10.7244, 1.13865e-07)

[node name="Empty001" type="Spatial" parent="."]

transform = Transform(1.0, 0.0, 0.0, 0.0, 1.0, 0.0, 0.0, 0.0, 1.0, 0.00794183, 12.0243, -0.15308)

[node name="PoolRadiatorPIpe" type="MeshInstance" parent="."]

mesh = ExtResource( 4 )
visible = true
transform = Transform(0.989409, 0.0, -0.145153, 0.0, 1.0, 0.0, 0.145153, 0.0, 0.989409, 1513.1, 72.9398, -404.63)

[node name="Tap2" type="MeshInstance" parent="."]

mesh = ExtResource( 5 )
visible = true
transform = Transform(0.989409, 0.0, -0.145153, 0.0, 1.0, 0.0, 0.145153, 0.0, 0.989409, 1525.11, 84.0867, -372.032)

[node name="Tap1" type="MeshInstance" parent="."]

mesh = ExtResource( 6 )
visible = true
transform = Transform(0.989409, 0.0, -0.145153, 0.0, 1.0, 0.0, 0.145153, 0.0, 0.989409, 1525.07, 84.0867, -371.726)

[node name="WaterMain-RecHab1" type="MeshInstance" parent="."]

mesh = ExtResource( 7 )
visible = true
transform = Transform(0.989409, 0.0, -0.145153, 0.0, 1.0, 0.0, 0.145153, 0.0, 0.989409, 1507.93, 89.0566, -344.518)

[node name="BathroomS-WaterPipes" type="MeshInstance" parent="."]

mesh = ExtResource( 8 )
visible = true
transform = Transform(0.989409, 0.0, -0.145153, 0.0, 1.0, 0.0, 0.145153, 0.0, 0.989409, 1507.93, 89.0566, -344.518)

[node name="WaterPipes" type="MeshInstance" parent="."]

mesh = ExtResource( 9 )
visible = true
transform = Transform(0.989409, 0.0, -0.145153, 0.0, 1.0, 0.0, 0.145153, 0.0, 0.989409, 1507.93, 89.0566, -344.518)

[node name="BalanceBars" type="MeshInstance" parent="."]

mesh = ExtResource( 10 )
visible = true
transform = Transform(0.989409, 0.0, -0.145153, 0.0, 1.0, 0.0, 0.145153, 0.0, 0.989409, 1509.24, 71.9961, -351.014)

[node name="TightropePole" type="MeshInstance" parent="."]

mesh = ExtResource( 11 )
visible = true
transform = Transform(0.989409, 0.0, -0.145153, 0.0, 1.0, 0.0, 0.145153, 0.0, 0.989409, 1518.86, 75.0566, -353.146)

[node name="Tightrope" type="MeshInstance" parent="."]

mesh = ExtResource( 12 )
visible = true
transform = Transform(0.989409, 0.0, -0.145153, 0.0, 1.0, 0.0, 0.145153, 0.0, 0.989409, 1509.79, 72.8825, -354.47)

[node name="PoolBenchFrames" type="MeshInstance" parent="."]

mesh = ExtResource( 13 )
visible = true
transform = Transform(0.989409, 0.0, -0.145153, 0.0, 1.0, 0.0, 0.145153, 0.0, 0.989409, 1499.89, 78.3955, -355.988)

[node name="DivingBoardFrame" type="MeshInstance" parent="."]

mesh = ExtResource( 14 )
visible = true
transform = Transform(0.989409, 0.0, -0.145153, 0.0, 1.0, 0.0, 0.145153, 0.0, 0.989409, 1512.53, 83.9672, -405.385)

[node name="TubeHab-InteriorWalls-LocalGroup" type="MeshInstance" parent="."]

mesh = ExtResource( 15 )
visible = true
transform = Transform(0.989399, 0.0, -0.14522, 0.0, 1.0, 0.0, 0.14522, 0.0, 0.989399, 1509.67, 79.684, -348.344)

[node name="Truss-TubeHab-LocalGroup" type="MeshInstance" parent="TubeHab-InteriorWalls-LocalGroup"]

mesh = ExtResource( 16 )
visible = true
transform = Transform(1.0, 0.0, 0.0, 0.0, 1.0, 0.0, 0.0, 0.0, 1.0, -0.00012207, 0.0, -0.360779)

[node name="TubeHab-RetainingWalls-LocalGroup" type="MeshInstance" parent="TubeHab-InteriorWalls-LocalGroup"]

mesh = ExtResource( 17 )
visible = true
transform = Transform(1.0, 0.0, 0.0, 0.0, 1.0, 0.0, 0.0, 0.0, 1.0, -0.00012207, 0.0, 0.0)

[node name="TubeHab-Entrance" type="MeshInstance" parent="."]

mesh = ExtResource( 18 )
visible = true
transform = Transform(1.0, 0.0, 0.0, 0.0, 1.0, 0.0, 0.0, 0.0, 1.0, 1505.32, 79.6032, -319.37)

[node name="TubeHab-Entrance015" type="MeshInstance" parent="."]

mesh = ExtResource( 19 )
visible = true
transform = Transform(0.989344, -0.145596, 6.3642e-09, 0.0, -4.37114e-08, -1.0, 0.145596, 0.989344, -4.32456e-08, 1505.32, 79.6032, -319.37)

[node name="TubeHab-Cap010" type="MeshInstance" parent="."]

mesh = ExtResource( 20 )
visible = true
transform = Transform(1.0, 0.0, 0.0, 0.0, 1.0, 0.0, 0.0, 0.0, 1.0, 1519.77, 79.736, -417.407)

[node name="ToiletStalls-3002" type="MeshInstance" parent="."]

mesh = ExtResource( 21 )
visible = true
transform = Transform(7.54979e-08, -0.989409, 0.145154, -1.0, -7.46983e-08, 1.09588e-08, 0.0, -0.145154, -0.989409, 1512.44, 73.633, -415.598)

[node name="ToiletStalls-3005" type="MeshInstance" parent="."]

mesh = ExtResource( 22 )
visible = true
transform = Transform(7.54979e-08, 0.989409, -0.145155, -1.0, 7.46983e-08, -1.09589e-08, 0.0, 0.145155, 0.989409, 1522.69, 73.633, -411.577)

[node name="Toilet032" type="Spatial" parent="."]

transform = Transform(-0.145153, 0.0, -0.989409, 0.0, 1.0, 0.0, 0.989409, 0.0, -0.145153, 1508.26, 72.8622, -346.09)

[node name="Toilet" parent="Toilet032" instance=ExtResource ( 1 )]

instance = ExtResource ( 1 )

[node name="Toilet031" type="Spatial" parent="."]

transform = Transform(-0.145153, 0.0, -0.989409, 0.0, 1.0, 0.0, 0.989409, 0.0, -0.145153, 1509.25, 72.8622, -345.944)

[node name="Toilet" parent="Toilet031" instance=ExtResource ( 1 )]

instance = ExtResource ( 1 )

[node name="Toilet030" type="Spatial" parent="."]

transform = Transform(0.145155, 0.0, 0.989409, 0.0, 1.0, 0.0, -0.989409, 0.0, 0.145155, 1516.4, 72.8622, -412.164)

[node name="Toilet" parent="Toilet030" instance=ExtResource ( 1 )]

instance = ExtResource ( 1 )

[node name="Toilet029" type="Spatial" parent="."]

transform = Transform(0.145155, 0.0, 0.989409, 0.0, 1.0, 0.0, -0.989409, 0.0, 0.145155, 1515.41, 72.8622, -412.308)

[node name="Toilet" parent="Toilet029" instance=ExtResource ( 1 )]

instance = ExtResource ( 1 )

[node name="Toilet028" type="Spatial" parent="."]

transform = Transform(0.145155, 0.0, 0.989409, 0.0, 1.0, 0.0, -0.989409, 0.0, 0.145155, 1514.42, 72.8622, -412.454)

[node name="Toilet" parent="Toilet028" instance=ExtResource ( 1 )]

instance = ExtResource ( 1 )

[node name="Toilet027" type="Spatial" parent="."]

transform = Transform(0.145155, 0.0, 0.989409, 0.0, 1.0, 0.0, -0.989409, 0.0, 0.145155, 1513.43, 72.8622, -412.599)

[node name="Toilet" parent="Toilet027" instance=ExtResource ( 1 )]

instance = ExtResource ( 1 )

[node name="Toilet026" type="Spatial" parent="."]

transform = Transform(0.145155, 0.0, 0.989409, 0.0, 1.0, 0.0, -0.989409, 0.0, 0.145155, 1512.44, 72.8622, -412.745)

[node name="Toilet" parent="Toilet026" instance=ExtResource ( 1 )]

instance = ExtResource ( 1 )

[node name="Toilet025" type="Spatial" parent="."]

transform = Transform(0.145155, 0.0, 0.989409, 0.0, 1.0, 0.0, -0.989409, 0.0, 0.145155, 1511.46, 72.8622, -412.89)

[node name="Toilet" parent="Toilet025" instance=ExtResource ( 1 )]

instance = ExtResource ( 1 )

[node name="Toilet024" type="Spatial" parent="."]

transform = Transform(0.145153, 0.0, 0.989409, 0.0, 1.0, 0.0, -0.989409, 0.0, 0.145153, 1511.43, 72.8622, -341.624)

[node name="Toilet" parent="Toilet024" instance=ExtResource ( 1 )]

instance = ExtResource ( 1 )

[node name="Toilet001" type="Spatial" parent="."]

transform = Transform(0.145153, 0.0, 0.989409, 0.0, 1.0, 0.0, -0.989409, 0.0, 0.145153, 1510.44, 72.8622, -341.769)

[node name="Toilet" parent="Toilet001" instance=ExtResource ( 1 )]

instance = ExtResource ( 1 )

[node name="Toilet002" type="Spatial" parent="."]

transform = Transform(0.145153, 0.0, 0.989409, 0.0, 1.0, 0.0, -0.989409, 0.0, 0.145153, 1509.45, 72.8622, -341.914)

[node name="Toilet" parent="Toilet002" instance=ExtResource ( 1 )]

instance = ExtResource ( 1 )

[node name="Toilet003" type="Spatial" parent="."]

transform = Transform(0.145153, 0.0, 0.989409, 0.0, 1.0, 0.0, -0.989409, 0.0, 0.145153, 1508.46, 72.8622, -342.06)

[node name="Toilet" parent="Toilet003" instance=ExtResource ( 1 )]

instance = ExtResource ( 1 )

[node name="Toilet004" type="Spatial" parent="."]

transform = Transform(0.145153, 0.0, 0.989409, 0.0, 1.0, 0.0, -0.989409, 0.0, 0.145153, 1507.47, 72.8622, -342.205)

[node name="Toilet" parent="Toilet004" instance=ExtResource ( 1 )]

instance = ExtResource ( 1 )

[node name="Toilet005" type="Spatial" parent="."]

transform = Transform(0.145153, 0.0, 0.989409, 0.0, 1.0, 0.0, -0.989409, 0.0, 0.145153, 1506.48, 72.8622, -342.35)

[node name="Toilet" parent="Toilet005" instance=ExtResource ( 1 )]

instance = ExtResource ( 1 )

[node name="Toilet006" type="Spatial" parent="."]

transform = Transform(0.145153, 0.0, 0.989409, 0.0, 1.0, 0.0, -0.989409, 0.0, 0.145153, 1505.49, 72.8622, -342.495)

[node name="Toilet" parent="Toilet006" instance=ExtResource ( 1 )]

instance = ExtResource ( 1 )

[node name="Toilet007" type="Spatial" parent="."]

transform = Transform(0.145153, 0.0, 0.989409, 0.0, 1.0, 0.0, -0.989409, 0.0, 0.145153, 1504.5, 72.8622, -342.64)

[node name="Toilet" parent="Toilet007" instance=ExtResource ( 1 )]

instance = ExtResource ( 1 )

[node name="Toilet008" type="Spatial" parent="."]

transform = Transform(0.145153, 0.0, 0.989409, 0.0, 1.0, 0.0, -0.989409, 0.0, 0.145153, 1502.93, 72.8622, -342.872)

[node name="Toilet" parent="Toilet008" instance=ExtResource ( 1 )]

instance = ExtResource ( 1 )

[node name="Toilet009" type="Spatial" parent="."]

transform = Transform(0.145153, 0.0, 0.989409, 0.0, 1.0, 0.0, -0.989409, 0.0, 0.145153, 1501.94, 72.8622, -343.017)

[node name="Toilet" parent="Toilet009" instance=ExtResource ( 1 )]

instance = ExtResource ( 1 )

[node name="Toilet010" type="Spatial" parent="."]

transform = Transform(0.145153, 0.0, 0.989409, 0.0, 1.0, 0.0, -0.989409, 0.0, 0.145153, 1500.95, 72.8622, -343.162)

[node name="Toilet" parent="Toilet010" instance=ExtResource ( 1 )]

instance = ExtResource ( 1 )

[node name="Toilet011" type="Spatial" parent="."]

transform = Transform(0.145153, 0.0, 0.989409, 0.0, 1.0, 0.0, -0.989409, 0.0, 0.145153, 1499.96, 72.8622, -343.307)

[node name="Toilet" parent="Toilet011" instance=ExtResource ( 1 )]

instance = ExtResource ( 1 )

[node name="Toilet012" type="Spatial" parent="."]

transform = Transform(-0.145153, 0.0, -0.989409, 0.0, 1.0, 0.0, 0.989409, 0.0, -0.145153, 1510.24, 72.8622, -345.799)

[node name="Toilet" parent="Toilet012" instance=ExtResource ( 1 )]

instance = ExtResource ( 1 )

[node name="Toilet033" type="Spatial" parent="."]

transform = Transform(-0.145153, 0.0, -0.989409, 0.0, 1.0, 0.0, 0.989409, 0.0, -0.145153, 1503.39, 72.8622, -346.804)

[node name="Toilet" parent="Toilet033" instance=ExtResource ( 1 )]

instance = ExtResource ( 1 )

[node name="Toilet034" type="Spatial" parent="."]

transform = Transform(-0.145153, 0.0, -0.989409, 0.0, 1.0, 0.0, 0.989409, 0.0, -0.145153, 1502.4, 72.8622, -346.95)

[node name="Toilet" parent="Toilet034" instance=ExtResource ( 1 )]

instance = ExtResource ( 1 )

[node name="Toilet035" type="Spatial" parent="."]

transform = Transform(-0.145153, 0.0, -0.989409, 0.0, 1.0, 0.0, 0.989409, 0.0, -0.145153, 1501.41, 72.8622, -347.095)

[node name="Toilet" parent="Toilet035" instance=ExtResource ( 1 )]

instance = ExtResource ( 1 )

[node name="Toilet036" type="Spatial" parent="."]

transform = Transform(-0.145153, 0.0, -0.989409, 0.0, 1.0, 0.0, 0.989409, 0.0, -0.145153, 1500.42, 72.8622, -347.24)

[node name="Toilet" parent="Toilet036" instance=ExtResource ( 1 )]

instance = ExtResource ( 1 )

[node name="Toilet037" type="Spatial" parent="."]

transform = Transform(-0.145153, 0.0, -0.989409, 0.0, 1.0, 0.0, 0.989409, 0.0, -0.145153, 1517.74, 72.8622, -415.156)

[node name="Toilet" parent="Toilet037" instance=ExtResource ( 1 )]

instance = ExtResource ( 1 )

[node name="Toilet038" type="Spatial" parent="."]

transform = Transform(-0.145153, 0.0, -0.989409, 0.0, 1.0, 0.0, 0.989409, 0.0, -0.145153, 1516.75, 72.8622, -415.301)

[node name="Toilet" parent="Toilet038" instance=ExtResource ( 1 )]

instance = ExtResource ( 1 )

[node name="Toilet039" type="Spatial" parent="."]

transform = Transform(-0.145153, 0.0, -0.989409, 0.0, 1.0, 0.0, 0.989409, 0.0, -0.145153, 1515.76, 72.8622, -415.446)

[node name="Toilet" parent="Toilet039" instance=ExtResource ( 1 )]

instance = ExtResource ( 1 )

[node name="Toilet040" type="Spatial" parent="."]

transform = Transform(-0.145153, 0.0, -0.989409, 0.0, 1.0, 0.0, 0.989409, 0.0, -0.145153, 1514.77, 72.8622, -415.591)

[node name="Toilet" parent="Toilet040" instance=ExtResource ( 1 )]

instance = ExtResource ( 1 )

[node name="Toilet041" type="Spatial" parent="."]

transform = Transform(-0.145153, 0.0, -0.989409, 0.0, 1.0, 0.0, 0.989409, 0.0, -0.145153, 1513.78, 72.8622, -415.736)

[node name="Toilet" parent="Toilet041" instance=ExtResource ( 1 )]

instance = ExtResource ( 1 )

[node name="Toilet042" type="Spatial" parent="."]

transform = Transform(-0.145153, 0.0, -0.989409, 0.0, 1.0, 0.0, 0.989409, 0.0, -0.145153, 1512.79, 72.8622, -415.881)

[node name="Toilet" parent="Toilet042" instance=ExtResource ( 1 )]

instance = ExtResource ( 1 )

[node name="SwimmingPool-Water" type="MeshInstance" parent="."]

mesh = ExtResource( 23 )
visible = true
transform = Transform(0.989399, 0.0, -0.14522, 0.0, 1.0, 0.0, 0.14522, 0.0, 0.989399, 1509.67, 74.4672, -380.006)

[node name="SwimmingPool-Frame" type="MeshInstance" parent="."]

mesh = ExtResource( 24 )
visible = true
transform = Transform(0.989392, 0.0, -0.145272, 0.0, 1.0, 0.0, 0.145272, 0.0, 0.989392, 1509.68, 74.4672, -380.025)

[node name="Pool-Diving-edge" type="MeshInstance" parent="SwimmingPool-Frame"]

mesh = ExtResource( 25 )
visible = true
transform = Transform(1.0, 0.0, -6.61612e-06, -3.75342e-09, 1.0, 8.04849e-11, 6.64592e-06, 0.0, 1.0, 4.01733, 1.71987, 25.1434)

[node name="PoolViewingLevel" type="MeshInstance" parent="SwimmingPool-Frame"]

mesh = ExtResource( 26 )
visible = true
transform = Transform(1.41296, 0.0, 0.00125067, -5.30353e-09, 1.41296, 1.08992e-10, -0.00125062, 0.0, 1.41296, 2.30811, -2.47113, -4.84033)

[node name="SwimmingPool-Glass-TopFringe" type="MeshInstance" parent="SwimmingPool-Frame"]

mesh = ExtResource( 27 )
visible = true
transform = Transform(1.0, 0.0, 0.0, -6.76477e-11, 1.0, -4.60721e-10, -2.98023e-08, 0.0, 1.0, -0.000366211, 0.0, -6.10352e-05)

[node name="SwimmingPool-PerimeterDrains" type="MeshInstance" parent="SwimmingPool-Frame"]

mesh = ExtResource( 28 )
visible = true
transform = Transform(0.990967, 0.0, -6.61612e-06, -3.71951e-09, 1.0, 8.03433e-11, 6.57141e-06, 0.0, 0.998241, -0.00292969, -0.00543213, 0.031311)

[node name="SwimmingPool-Supports" type="MeshInstance" parent="SwimmingPool-Frame"]

mesh = ExtResource( 29 )
visible = true
transform = Transform(1.0, 0.0, -6.63102e-06, -3.75342e-09, 1.0, 8.04849e-11, 6.66082e-06, 0.0, 1.0, 0.986206, 0.2621, 25.1435)

[node name="SwimmingPool-Walls" type="MeshInstance" parent="SwimmingPool-Frame"]

mesh = ExtResource( 30 )
visible = true
transform = Transform(1.0, 0.0, 0.0, -6.76477e-11, 1.0, -4.60721e-10, -2.98023e-08, 0.0, 1.0, -0.00012207, -0.0166931, -6.10352e-05)

[node name="Spot002" type="OmniLight" parent="."]

light_specular = 1.0
light_energy = 1.0
light_color = Color(1.0, 1.0, 1.0, 1.0)
shadow_color = Color(0.0, 0.0, 0.0, 1.0)
omni_range = 25.0
transform = Transform(1.0, 0.0, 0.0, 0.0, -4.37114e-08, 1.0, 0.0, -1.0, -4.37114e-08, 1516.01, 85.0888, -366.567)
shadow_enabled = false
light_negative = false

[node name="Spot003" type="OmniLight" parent="."]

light_specular = 1.0
light_energy = 1.0
light_color = Color(1.0, 1.0, 1.0, 1.0)
shadow_color = Color(0.0, 0.0, 0.0, 1.0)
omni_range = 25.0
transform = Transform(1.0, 0.0, 0.0, 0.0, -4.37114e-08, 1.0, 0.0, -1.0, -4.37114e-08, 1520.21, 85.0888, -397.232)
shadow_enabled = false
light_negative = false

[node name="ShimmyStair-Steps" type="MeshInstance" parent="."]

mesh = ExtResource( 31 )
visible = true
transform = Transform(2.05732, 0.0, -0.145153, 0.0, 1.0, 0.0, 0.301823, 0.0, 0.989409, 1505.03, 75.6871, -345.983)

[node name="ShimmyStair-Rails" type="MeshInstance" parent="ShimmyStair-Steps"]

mesh = ExtResource( 32 )
visible = true
transform = Transform(3.63086e-08, 2.98023e-08, 0.480922, 1.0, -8.00109e-11, -7.17445e-08, 1.77636e-15, 1.0, -2.98023e-08, 0.219727, 0.842148, 0.523621)

[node name="ShimmyPole1" type="MeshInstance" parent="ShimmyStair-Steps/ShimmyStair-Rails"]

mesh = ExtResource( 33 )
visible = true
transform = Transform(-2.97978e-10, 1.0, -7.80327e-08, 1.0, -4.46911e-15, -5.96046e-08, -7.45058e-08, -7.54979e-08, -1.0, 0.00682068, -0.000671387, -0.456787)

[node name="ShimmyStair-Steps009" type="MeshInstance" parent="."]

mesh = ExtResource( 34 )
visible = true
transform = Transform(0.301822, 0.0, 0.989409, 0.0, 1.0, 0.0, -2.05732, 0.0, 0.145153, 1515.46, 71.9961, -408.787)

[node name="ShimmyPole1009" type="MeshInstance" parent="ShimmyStair-Steps009"]

mesh = ExtResource( 35 )
visible = true
transform = Transform(9.68575e-08, -3.607e-08, -0.480922, -6.80868e-08, 1.0, -7.55426e-08, 1.0, 7.54979e-08, 2.08616e-07, 3.05176e-05, 0.850578, 0.536377)

[node name="ShimmyStair-Rails009" type="MeshInstance" parent="ShimmyStair-Steps009"]

mesh = ExtResource( 36 )
visible = true
transform = Transform(-1.77636e-15, 1.63913e-07, 0.480922, 1.0, -6.80868e-08, 5.40763e-10, 7.54979e-08, 1.0, -3.57628e-07, 0.219757, 0.843765, 0.536987)

[node name="ShimmyStair-Steps008" type="MeshInstance" parent="."]

mesh = ExtResource( 37 )
visible = true
transform = Transform(2.05732, 0.0, -0.145153, 0.0, 1.0, 0.0, 0.301823, 0.0, 0.989409, 1506.51, 75.6871, -345.765)

[node name="ShimmyPole1008" type="MeshInstance" parent="ShimmyStair-Steps008"]

mesh = ExtResource( 38 )
visible = true
transform = Transform(-1.49012e-08, 2.38561e-10, -0.480922, -3.47328e-10, 1.0, 6.31233e-10, 1.0, -5.74131e-10, -1.49012e-08, 0.00012207, 0.848961, 0.52301)

[node name="ShimmyStair-Rails008" type="MeshInstance" parent="ShimmyStair-Steps008"]

mesh = ExtResource( 39 )
visible = true
transform = Transform(3.63086e-08, 2.23517e-08, 0.480922, 1.0, -4.60733e-10, -7.55655e-08, 0.0, 1.0, -4.47035e-08, 0.219788, 0.842148, 0.523621)

[node name="ShimmyStair-Steps007" type="MeshInstance" parent="."]

mesh = ExtResource( 40 )
visible = true
transform = Transform(0.301822, 0.0, 0.989409, 0.0, 1.0, 0.0, -2.05732, 0.0, 0.145153, 1516.67, 86.9528, -343.562)

[node name="ShimmyStair-Rails007" type="MeshInstance" parent="ShimmyStair-Steps007"]

mesh = ExtResource( 41 )
visible = true
transform = Transform(0.0, 1.86265e-07, 0.480922, 1.0, -7.93189e-08, 3.80753e-10, 7.54979e-08, 1.0, -3.42727e-07, 0.219788, 0.843758, 0.536743)

[node name="ShimmyPole1007" type="MeshInstance" parent="ShimmyStair-Steps007/ShimmyStair-Rails007"]

mesh = ExtResource( 42 )
visible = true
transform = Transform(-3.10943e-09, 1.0, -7.51398e-08, 1.0, -1.86265e-09, -1.49012e-07, -1.49012e-07, -7.50019e-08, -1.0, 0.00682831, -0.000610352, -0.45697)

[node name="ShimmyStair-Steps006" type="MeshInstance" parent="."]

mesh = ExtResource( 43 )
visible = true
transform = Transform(0.301822, 0.0, 0.989409, 0.0, 1.0, 0.0, -2.05732, 0.0, 0.145153, 1516.89, 86.9559, -345.046)

[node name="ShimmyStair-Rails006" type="MeshInstance" parent="ShimmyStair-Steps006"]

mesh = ExtResource( 44 )
visible = true
transform = Transform(-1.77636e-15, 1.71363e-07, 0.480922, 1.0, -8.30048e-08, -1.59982e-10, 7.54979e-08, 1.0, -3.42727e-07, 0.219757, 0.843758, 0.536743)

[node name="ShimmyPole1006" type="MeshInstance" parent="ShimmyStair-Steps006/ShimmyStair-Rails006"]

mesh = ExtResource( 45 )
visible = true
transform = Transform(8.46775e-10, 1.0, -7.38376e-08, 1.0, -1.86266e-09, -1.49012e-07, -1.49012e-07, -7.50019e-08, -1.0, 0.00682068, -0.000732422, -0.45697)

[node name="ShimmyStair-Steps005" type="MeshInstance" parent="."]

mesh = ExtResource( 46 )
visible = true
transform = Transform(2.05732, 0.0, -0.145153, 0.0, 1.0, 0.0, 0.301823, 0.0, 0.989409, 1517.38, 86.9335, -414.953)

[node name="ShimmyStair-Rails005" type="MeshInstance" parent="ShimmyStair-Steps005"]

mesh = ExtResource( 47 )
visible = true
transform = Transform(-7.45058e-09, 0.0, -0.480922, 3.80722e-10, 1.0, -3.82102e-09, 1.0, 0.0, -2.98023e-08, 0.219727, 0.843758, 0.536865)

[node name="ShimmyPole1005" type="MeshInstance" parent="ShimmyStair-Steps005/ShimmyStair-Rails005"]

mesh = ExtResource( 48 )
visible = true
transform = Transform(-0.145153, 0.0, 0.989409, 0.0, 1.0, -1.86265e-09, -0.989409, 0.0, -0.145153, -0.000610352, 0.00682068, 0.456909)

[node name="ShimmyStair-Steps004" type="MeshInstance" parent="."]

mesh = ExtResource( 49 )
visible = true
transform = Transform(0.301822, 0.0, 0.989409, 0.0, 1.0, 0.0, -2.05732, 0.0, 0.145153, 1511.34, 82.9637, -411.688)

[node name="ShimmyStair-Rails004" type="MeshInstance" parent="ShimmyStair-Steps004"]

mesh = ExtResource( 50 )
visible = true
transform = Transform(-1.33227e-15, 1.71363e-07, 0.480922, 1.0, -7.93189e-08, 3.80753e-10, 7.54979e-08, 1.0, -3.42727e-07, 0.219757, 0.84375, 0.536621)

[node name="ShimmyStair-Steps003" type="MeshInstance" parent="."]

mesh = ExtResource( 51 )
visible = true
transform = Transform(0.301822, 0.0, 0.989409, 0.0, 1.0, 0.0, -2.05732, 0.0, 0.145153, 1508.98, 78.4317, -407.856)

[node name="ShimmyPole1002" type="MeshInstance" parent="ShimmyStair-Steps003"]

mesh = ExtResource( 52 )
visible = true
transform = Transform(1.2666e-07, -3.607e-08, -0.480922, -7.17726e-08, 1.0, -7.50019e-08, 1.0, 7.54979e-08, 2.08616e-07, 6.10352e-05, 0.850571, 0.536377)

[node name="ShimmyStair-Rails002" type="MeshInstance" parent="ShimmyStair-Steps003"]

mesh = ExtResource( 53 )
visible = true
transform = Transform(0.0, 1.93715e-07, 0.480922, 1.0, -7.17726e-08, 2.79493e-14, 7.54979e-08, 1.0, -3.57628e-07, 0.219788, 0.843758, 0.536865)

[node name="ShimmyStair-Steps002" type="MeshInstance" parent="."]

mesh = ExtResource( 54 )
visible = true
transform = Transform(0.301822, 0.0, 0.989409, 0.0, 1.0, 0.0, -2.05732, 0.0, 0.145153, 1511.56, 82.9637, -413.172)

[node name="ShimmyPole1003" type="MeshInstance" parent="ShimmyStair-Steps002"]

mesh = ExtResource( 55 )
visible = true
transform = Transform(1.19209e-07, -3.607e-08, -0.480922, -6.8222e-08, 1.0, -7.64641e-08, 1.0, 7.54979e-08, 1.93715e-07, 9.15527e-05, 0.850578, 0.536377)

[node name="ShimmyPole1004" type="MeshInstance" parent="ShimmyStair-Steps002"]

mesh = ExtResource( 56 )
visible = true
transform = Transform(1.19209e-07, -3.607e-08, -0.480922, -6.8222e-08, 1.0, -7.64641e-08, 1.0, 7.54979e-08, 1.93715e-07, -0.721313, 0.850578, 0.536499)

[node name="ShimmyStair-Rails003" type="MeshInstance" parent="ShimmyStair-Steps002"]

mesh = ExtResource( 57 )
visible = true
transform = Transform(0.0, 1.93715e-07, 0.480922, 1.0, -6.8222e-08, 1.46222e-09, 7.54979e-08, 1.0, -3.27826e-07, 0.219818, 0.843765, 0.536987)

[node name="ShimmyStair-Steps011" type="MeshInstance" parent="."]

mesh = ExtResource( 58 )
visible = true
transform = Transform(0.301822, 0.0, 0.989409, 0.0, 1.0, 0.0, -2.05732, 0.0, 0.145153, 1500.27, 78.4371, -348.51)

[node name="ShimmyPole1001" type="MeshInstance" parent="ShimmyStair-Steps011"]

mesh = ExtResource( 59 )
visible = true
transform = Transform(9.68575e-08, -3.607e-08, -0.480922, -6.79516e-08, 1.0, -7.46211e-08, 1.0, 7.54979e-08, 2.08616e-07, 3.05176e-05, 0.850578, 0.536255)

[node name="ShimmyStair-Rails001" type="MeshInstance" parent="ShimmyStair-Steps011"]

mesh = ExtResource( 60 )
visible = true
transform = Transform(-1.77636e-15, 1.63913e-07, 0.480922, 1.0, -6.79516e-08, -3.80696e-10, 7.54979e-08, 1.0, -3.57628e-07, 0.219757, 0.843765, 0.536987)

[node name="RecHabCam2" type="Camera" parent="."]

far = 5000.0
near = 0.1
size = 6.0
projection = 0
fov = 65.2385
transform = Transform(-0.701973, 0.0600811, 0.709665, 2.27891e-05, 0.996437, -0.0843371, -0.712204, -0.0591862, -0.699474, 1524.28, 71.6451, -379.05)

[node name="RecHabCam1001" type="Camera" parent="."]

far = 50000.0
near = 0.1
size = 6.0
projection = 0
fov = 49.1343
transform = Transform(-0.923076, 0.289961, 0.252694, -5.89486e-05, 0.656892, -0.753985, -0.384618, -0.696, -0.606344, 1513.64, 72.2149, -406.574)

[node name="RecHab1TopFloorsSupportTemplate" type="MeshInstance" parent="."]

mesh = ExtResource( 61 )
visible = true
transform = Transform(0.989409, 0.0, -0.145153, 0.0, 1.0, 0.0, 0.145153, 0.0, 0.989409, 1522.76, 86.9672, -389.758)

[node name="RecHab1-TopFloorSupports" type="MeshInstance" parent="RecHab1TopFloorsSupportTemplate"]

mesh = ExtResource( 62 )
visible = true
transform = Transform(1.0, 0.0, -1.49012e-08, -3.94538e-11, 1.0, -5.40737e-10, -1.49012e-08, 0.0, 1.0, -0.00012207, 0.0, 0.0)

[node name="RecHab1-UpperFloor" type="MeshInstance" parent="."]

mesh = ExtResource( 63 )
visible = true
transform = Transform(1.0, 0.0, 0.0, 0.0, 1.0, 0.0, 0.0, 0.0, 1.0, 1523.9, 82.9672, -406.058)

[node name="RecHab1-SunTubeLamps001" type="MeshInstance" parent="."]

mesh = ExtResource( 64 )
visible = true
transform = Transform(1.0, 0.0, 0.0, 0.0, 1.0, 0.0, 0.0, 0.0, 1.0, 1520.21, 90.7459, -397.232)

[node name="RecHab1-Monkeybars-Hoops" type="MeshInstance" parent="."]

mesh = ExtResource( 65 )
visible = true
transform = Transform(0.989409, 0.0, -0.145153, 0.0, 1.0, 0.0, 0.145153, 0.0, 0.989409, 1520.04, 75.3319, -378.462)

[node name="RecHab1-Monkeybars" type="MeshInstance" parent="."]

mesh = ExtResource( 66 )
visible = true
transform = Transform(0.989409, 0.0, -0.145153, 0.0, 1.0, 0.0, 0.145153, 0.0, 0.989409, 1520.04, 75.3319, -378.462)

[node name="RecHab1-FloorCablesTemplate" type="MeshInstance" parent="."]

mesh = ExtResource( 67 )
visible = true
transform = Transform(0.989409, 0.0, -0.145153, 0.0, 1.0, 0.0, 0.145153, 0.0, 0.989409, 1504.85, 78.4371, -376.474)

[node name="Poolside-level-cables" type="MeshInstance" parent="RecHab1-FloorCablesTemplate"]

mesh = ExtResource( 68 )
visible = true
transform = Transform(1.0, -1.86265e-09, 0.0, 5.58794e-09, 1.0, 0.0, 0.0, 0.0, 1.0, 0.0, -7.62939e-06, 0.0)

[node name="RecHab1-EntranceStairs" type="MeshInstance" parent="."]

mesh = ExtResource( 69 )
visible = true
transform = Transform(0.989409, 0.0, -0.145153, 0.0, 1.0, 0.0, 0.145153, 0.0, 0.989409, 1508.49, 77.4168, -340.428)

[node name="RecHab1-BoothStairs" type="MeshInstance" parent="."]

mesh = ExtResource( 70 )
visible = true
transform = Transform(0.989409, 0.0, -0.145153, 0.0, 1.0, 0.0, 0.145153, 0.0, 0.989409, 1524.12, 81.3171, -405.967)

[node name="PoolLight5" type="OmniLight" parent="."]

light_specular = 1.0
light_energy = 1.0
light_color = Color(1.0, 1.0, 1.0, 1.0)
shadow_color = Color(0.0, 0.0, 0.0, 1.0)
omni_range = 25.0
transform = Transform(1.0, 0.0, 0.0, 0.0, -4.37114e-08, 1.0, 0.0, -1.0, -4.37114e-08, 1510.44, 74.8132, -359.579)
shadow_enabled = false
light_negative = false

[node name="PoolLight4" type="OmniLight" parent="."]

light_specular = 1.0
light_energy = 1.0
light_color = Color(1.0, 1.0, 1.0, 1.0)
shadow_color = Color(0.0, 0.0, 0.0, 1.0)
omni_range = 25.0
transform = Transform(1.0, 0.0, 0.0, 0.0, -4.37114e-08, 1.0, 0.0, -1.0, -4.37114e-08, 1511.89, 74.8302, -369.5)
shadow_enabled = false
light_negative = false

[node name="PoolLight3" type="OmniLight" parent="."]

light_specular = 1.0
light_energy = 1.0
light_color = Color(1.0, 1.0, 1.0, 1.0)
shadow_color = Color(0.0, 0.0, 0.0, 1.0)
omni_range = 25.0
transform = Transform(1.0, 0.0, 0.0, 0.0, -4.37114e-08, 1.0, 0.0, -1.0, -4.37114e-08, 1513.35, 74.8298, -379.432)
shadow_enabled = false
light_negative = false

[node name="PoolLight2" type="OmniLight" parent="."]

light_specular = 1.0
light_energy = 1.0
light_color = Color(1.0, 1.0, 1.0, 1.0)
shadow_color = Color(0.0, 0.0, 0.0, 1.0)
omni_range = 25.0
transform = Transform(1.0, 0.0, 0.0, 0.0, -4.37114e-08, 1.0, 0.0, -1.0, -4.37114e-08, 1514.79, 74.8324, -389.366)
shadow_enabled = false
light_negative = false

[node name="PoolLight1" type="OmniLight" parent="."]

light_specular = 1.0
light_energy = 1.0
light_color = Color(1.0, 1.0, 1.0, 1.0)
shadow_color = Color(0.0, 0.0, 0.0, 1.0)
omni_range = 25.0
transform = Transform(1.0, 0.0, 0.0, 0.0, -4.37114e-08, 1.0, 0.0, -1.0, -4.37114e-08, 1516.28, 74.8237, -399.34)
shadow_enabled = false
light_negative = false

[node name="Point001" type="OmniLight" parent="."]

light_specular = 1.0
light_energy = 1.0
light_color = Color(1.0, 1.0, 1.0, 1.0)
shadow_color = Color(0.0, 0.0, 0.0, 1.0)
omni_range = 25.0
transform = Transform(1.0, 0.0, 0.0, 0.0, -4.37114e-08, 1.0, 0.0, -1.0, -4.37114e-08, 1516.56, 84.6923, -351.448)
shadow_enabled = false
light_negative = false

[node name="Point002" type="OmniLight" parent="."]

light_specular = 1.0
light_energy = 1.0
light_color = Color(1.0, 1.0, 1.0, 1.0)
shadow_color = Color(0.0, 0.0, 0.0, 1.0)
omni_range = 25.0
transform = Transform(1.0, 0.0, 0.0, 0.0, -4.37114e-08, 1.0, 0.0, -1.0, -4.37114e-08, 1506.32, 69.1031, -369.764)
shadow_enabled = false
light_negative = false

[node name="GymAreaEmitterLamp" type="MeshInstance" parent="."]

mesh = ExtResource( 71 )
visible = true
transform = Transform(0.989351, 0.0, -12.8533, 0.0, 1.0, 0.0, 0.145551, 0.0, 87.3674, 1518.11, 75.6271, -379.047)

[node name="PoolBenchBack" type="MeshInstance" parent="."]

mesh = ExtResource( 72 )
