[gd_scene load_steps=112 format=2]

[ext_resource path="res://export/e.GreenMan.tscn" type="PackedScene" id=1]
[ext_resource path="res://export/meshes/m_e_RecHab1-BI-Mat_escn_1.mesh" type="ArrayMesh" id=2]
[ext_resource path="res://export/meshes/m_e_RecHab1-BI-Mat_escn_2.mesh" type="ArrayMesh" id=3]
[ext_resource path="res://export/meshes/m_e_RecHab1-BI-Mat_escn_3.mesh" type="ArrayMesh" id=4]
[ext_resource path="res://export/meshes/m_e_RecHab1-BI-Mat_escn_4.mesh" type="ArrayMesh" id=5]
[ext_resource path="res://export/meshes/m_e_RecHab1-BI-Mat_escn_5.mesh" type="ArrayMesh" id=6]
[ext_resource path="res://export/meshes/m_e_RecHab1-BI-Mat_escn_6.mesh" type="ArrayMesh" id=7]
[ext_resource path="res://export/meshes/m_e_RecHab1-BI-Mat_escn_7.mesh" type="ArrayMesh" id=8]
[ext_resource path="res://export/meshes/m_e_RecHab1-BI-Mat_escn_8.mesh" type="ArrayMesh" id=9]
[ext_resource path="res://export/meshes/m_e_RecHab1-BI-Mat_escn_9.mesh" type="ArrayMesh" id=10]
[ext_resource path="res://export/meshes/m_e_RecHab1-BI-Mat_escn_10.mesh" type="ArrayMesh" id=11]
[ext_resource path="res://export/meshes/m_e_RecHab1-BI-Mat_escn_11.mesh" type="ArrayMesh" id=12]
[ext_resource path="res://export/meshes/m_e_RecHab1-BI-Mat_escn_12.mesh" type="ArrayMesh" id=13]
[ext_resource path="res://export/meshes/m_e_RecHab1-BI-Mat_escn_13.mesh" type="ArrayMesh" id=14]
[ext_resource path="res://export/meshes/m_e_RecHab1-BI-Mat_escn_14.mesh" type="ArrayMesh" id=15]
[ext_resource path="res://export/meshes/m_e_RecHab1-BI-Mat_escn_15.mesh" type="ArrayMesh" id=16]
[ext_resource path="res://export/meshes/m_e_RecHab1-BI-Mat_escn_16.mesh" type="ArrayMesh" id=17]
[ext_resource path="res://export/meshes/m_e_RecHab1-BI-Mat_escn_17.mesh" type="ArrayMesh" id=18]
[ext_resource path="res://export/meshes/m_e_RecHab1-BI-Mat_escn_18.mesh" type="ArrayMesh" id=19]
[ext_resource path="res://export/meshes/m_e_RecHab1-BI-Mat_escn_19.mesh" type="ArrayMesh" id=20]
[ext_resource path="res://export/meshes/m_e_RecHab1-BI-Mat_escn_20.mesh" type="ArrayMesh" id=21]
[ext_resource path="res://export/e.Toilet.tscn" type="PackedScene" id=22]
[ext_resource path="res://export/meshes/m_e_RecHab1-BI-Mat_escn_21.mesh" type="ArrayMesh" id=23]
[ext_resource path="res://export/meshes/m_e_RecHab1-BI-Mat_escn_22.mesh" type="ArrayMesh" id=24]
[ext_resource path="res://export/meshes/m_e_RecHab1-BI-Mat_escn_23.mesh" type="ArrayMesh" id=25]
[ext_resource path="res://export/meshes/m_e_RecHab1-BI-Mat_escn_24.mesh" type="ArrayMesh" id=26]
[ext_resource path="res://export/meshes/m_e_RecHab1-BI-Mat_escn_25.mesh" type="ArrayMesh" id=27]
[ext_resource path="res://export/meshes/m_e_RecHab1-BI-Mat_escn_26.mesh" type="ArrayMesh" id=28]
[ext_resource path="res://export/meshes/m_e_RecHab1-BI-Mat_escn_27.mesh" type="ArrayMesh" id=29]
[ext_resource path="res://export/meshes/m_e_RecHab1-BI-Mat_escn_28.mesh" type="ArrayMesh" id=30]
[ext_resource path="res://export/meshes/m_e_RecHab1-BI-Mat_escn_29.mesh" type="ArrayMesh" id=31]
[ext_resource path="res://export/meshes/m_e_RecHab1-BI-Mat_escn_30.mesh" type="ArrayMesh" id=32]
[ext_resource path="res://export/meshes/m_e_RecHab1-BI-Mat_escn_31.mesh" type="ArrayMesh" id=33]
[ext_resource path="res://export/meshes/m_e_RecHab1-BI-Mat_escn_32.mesh" type="ArrayMesh" id=34]
[ext_resource path="res://export/meshes/m_e_RecHab1-BI-Mat_escn_33.mesh" type="ArrayMesh" id=35]
[ext_resource path="res://export/meshes/m_e_RecHab1-BI-Mat_escn_34.mesh" type="ArrayMesh" id=36]
[ext_resource path="res://export/meshes/m_e_RecHab1-BI-Mat_escn_35.mesh" type="ArrayMesh" id=37]
[ext_resource path="res://export/meshes/m_e_RecHab1-BI-Mat_escn_36.mesh" type="ArrayMesh" id=38]
[ext_resource path="res://export/meshes/m_e_RecHab1-BI-Mat_escn_37.mesh" type="ArrayMesh" id=39]
[ext_resource path="res://export/meshes/m_e_RecHab1-BI-Mat_escn_38.mesh" type="ArrayMesh" id=40]
[ext_resource path="res://export/meshes/m_e_RecHab1-BI-Mat_escn_39.mesh" type="ArrayMesh" id=41]
[ext_resource path="res://export/meshes/m_e_RecHab1-BI-Mat_escn_40.mesh" type="ArrayMesh" id=42]
[ext_resource path="res://export/meshes/m_e_RecHab1-BI-Mat_escn_41.mesh" type="ArrayMesh" id=43]
[ext_resource path="res://export/meshes/m_e_RecHab1-BI-Mat_escn_42.mesh" type="ArrayMesh" id=44]
[ext_resource path="res://export/meshes/m_e_RecHab1-BI-Mat_escn_43.mesh" type="ArrayMesh" id=45]
[ext_resource path="res://export/meshes/m_e_RecHab1-BI-Mat_escn_44.mesh" type="ArrayMesh" id=46]
[ext_resource path="res://export/meshes/m_e_RecHab1-BI-Mat_escn_45.mesh" type="ArrayMesh" id=47]
[ext_resource path="res://export/meshes/m_e_RecHab1-BI-Mat_escn_46.mesh" type="ArrayMesh" id=48]
[ext_resource path="res://export/meshes/m_e_RecHab1-BI-Mat_escn_47.mesh" type="ArrayMesh" id=49]
[ext_resource path="res://export/meshes/m_e_RecHab1-BI-Mat_escn_48.mesh" type="ArrayMesh" id=50]
[ext_resource path="res://export/meshes.collision/FirstGallery/Shimmystair3.shape" type="Shape" id=51]
[ext_resource path="res://export/meshes/m_e_RecHab1-BI-Mat_escn_49.mesh" type="ArrayMesh" id=52]
[ext_resource path="res://export/meshes/m_e_RecHab1-BI-Mat_escn_50.mesh" type="ArrayMesh" id=53]
[ext_resource path="res://export/meshes/m_e_RecHab1-BI-Mat_escn_51.mesh" type="ArrayMesh" id=54]
[ext_resource path="res://export/meshes/m_e_RecHab1-BI-Mat_escn_52.mesh" type="ArrayMesh" id=55]
[ext_resource path="res://export/meshes/m_e_RecHab1-BI-Mat_escn_53.mesh" type="ArrayMesh" id=56]
[ext_resource path="res://export/meshes/m_e_RecHab1-BI-Mat_escn_54.mesh" type="ArrayMesh" id=57]
[ext_resource path="res://export/meshes/m_e_RecHab1-BI-Mat_escn_55.mesh" type="ArrayMesh" id=58]
[ext_resource path="res://export/meshes/m_e_RecHab1-BI-Mat_escn_56.mesh" type="ArrayMesh" id=59]
[ext_resource path="res://export/meshes/m_e_RecHab1-BI-Mat_escn_57.mesh" type="ArrayMesh" id=60]
[ext_resource path="res://export/meshes/m_e_RecHab1-BI-Mat_escn_58.mesh" type="ArrayMesh" id=61]
[ext_resource path="res://export/meshes/m_e_RecHab1-BI-Mat_escn_59.mesh" type="ArrayMesh" id=62]
[ext_resource path="res://export/meshes/m_e_RecHab1-BI-Mat_escn_60.mesh" type="ArrayMesh" id=63]
[ext_resource path="res://export/meshes/m_e_RecHab1-BI-Mat_escn_61.mesh" type="ArrayMesh" id=64]
[ext_resource path="res://export/meshes/m_e_RecHab1-BI-Mat_escn_62.mesh" type="ArrayMesh" id=65]
[ext_resource path="res://export/meshes/m_e_RecHab1-BI-Mat_escn_63.mesh" type="ArrayMesh" id=66]
[ext_resource path="res://export/meshes/m_e_RecHab1-BI-Mat_escn_64.mesh" type="ArrayMesh" id=67]
[ext_resource path="res://export/meshes/m_e_RecHab1-BI-Mat_escn_65.mesh" type="ArrayMesh" id=68]
[ext_resource path="res://export/meshes/m_e_RecHab1-BI-Mat_escn_66.mesh" type="ArrayMesh" id=69]
[ext_resource path="res://export/meshes/m_e_RecHab1-BI-Mat_escn_67.mesh" type="ArrayMesh" id=70]
[ext_resource path="res://export/meshes/m_e_RecHab1-BI-Mat_escn_68.mesh" type="ArrayMesh" id=71]
[ext_resource path="res://export/meshes/m_e_RecHab1-BI-Mat_escn_69.mesh" type="ArrayMesh" id=72]
[ext_resource path="res://export/meshes/m_e_RecHab1-BI-Mat_escn_70.mesh" type="ArrayMesh" id=73]
[ext_resource path="res://export/meshes/m_e_RecHab1-BI-Mat_escn_71.mesh" type="ArrayMesh" id=74]
[ext_resource path="res://export/meshes/m_e_RecHab1-BI-Mat_escn_72.mesh" type="ArrayMesh" id=75]
[ext_resource path="res://export/meshes/m_e_RecHab1-BI-Mat_escn_73.mesh" type="ArrayMesh" id=76]
[ext_resource path="res://export/meshes/m_e_RecHab1-BI-Mat_escn_74.mesh" type="ArrayMesh" id=77]
[ext_resource path="res://export/meshes/m_e_RecHab1-BI-Mat_escn_75.mesh" type="ArrayMesh" id=78]
[ext_resource path="res://export/meshes/m_e_RecHab1-BI-Mat_escn_76.mesh" type="ArrayMesh" id=79]
[ext_resource path="res://export/meshes/m_e_RecHab1-BI-Mat_escn_77.mesh" type="ArrayMesh" id=80]
[ext_resource path="res://export/meshes/m_e_RecHab1-BI-Mat_escn_78.mesh" type="ArrayMesh" id=81]
[ext_resource path="res://export/meshes/m_e_RecHab1-BI-Mat_escn_79.mesh" type="ArrayMesh" id=82]
[ext_resource path="res://export/meshes/m_e_RecHab1-BI-Mat_escn_80.mesh" type="ArrayMesh" id=83]
[ext_resource path="res://export/meshes/m_e_RecHab1-BI-Mat_escn_81.mesh" type="ArrayMesh" id=84]
[ext_resource path="res://export/meshes/m_e_RecHab1-BI-Mat_escn_82.mesh" type="ArrayMesh" id=85]
[ext_resource path="res://export/meshes/m_e_RecHab1-BI-Mat_escn_83.mesh" type="ArrayMesh" id=86]
[ext_resource path="res://export/meshes/m_e_RecHab1-BI-Mat_escn_84.mesh" type="ArrayMesh" id=87]
[ext_resource path="res://export/meshes/m_e_RecHab1-BI-Mat_escn_85.mesh" type="ArrayMesh" id=88]
[ext_resource path="res://export/meshes/m_e_RecHab1-BI-Mat_escn_86.mesh" type="ArrayMesh" id=89]
[ext_resource path="res://export/meshes/m_e_RecHab1-BI-Mat_escn_87.mesh" type="ArrayMesh" id=90]
[ext_resource path="res://export/meshes/m_e_RecHab1-BI-Mat_escn_88.mesh" type="ArrayMesh" id=91]
[ext_resource path="res://export/meshes/m_e_RecHab1-BI-Mat_escn_89.mesh" type="ArrayMesh" id=92]
[ext_resource path="res://export/meshes/m_e_RecHab1-BI-Mat_escn_90.mesh" type="ArrayMesh" id=93]
[ext_resource path="res://export/meshes/m_e_RecHab1-BI-Mat_escn_91.mesh" type="ArrayMesh" id=94]
[ext_resource path="res://export/meshes/m_e_RecHab1-BI-Mat_escn_92.mesh" type="ArrayMesh" id=95]
[ext_resource path="res://export/meshes/m_e_RecHab1-BI-Mat_escn_93.mesh" type="ArrayMesh" id=96]
[ext_resource path="res://export/meshes/m_e_RecHab1-BI-Mat_escn_94.mesh" type="ArrayMesh" id=97]
[ext_resource path="res://export/meshes/m_e_RecHab1-BI-Mat_escn_95.mesh" type="ArrayMesh" id=98]
[ext_resource path="res://export/meshes/m_e_RecHab1-BI-Mat_escn_96.mesh" type="ArrayMesh" id=99]
[ext_resource path="res://export/meshes/m_e_RecHab1-BI-Mat_escn_97.mesh" type="ArrayMesh" id=100]
[ext_resource path="res://export/meshes/m_e_RecHab1-BI-Mat_escn_98.mesh" type="ArrayMesh" id=101]
[ext_resource path="res://export/meshes/m_e_RecHab1-BI-Mat_escn_99.mesh" type="ArrayMesh" id=102]
[ext_resource path="res://export/meshes/m_e_RecHab1-BI-Mat_escn_100.mesh" type="ArrayMesh" id=103]
[ext_resource path="res://export/meshes/m_e_RecHab1-BI-Mat_escn_101.mesh" type="ArrayMesh" id=104]
[ext_resource path="res://export/meshes/m_e_RecHab1-BI-Mat_escn_102.mesh" type="ArrayMesh" id=105]
[ext_resource path="res://export/meshes/m_e_RecHab1-BI-Mat_escn_103.mesh" type="ArrayMesh" id=106]
[ext_resource path="res://export/meshes/m_e_RecHab1-BI-Mat_escn_104.mesh" type="ArrayMesh" id=107]
[ext_resource path="res://export/meshes/m_e_RecHab1-BI-Mat_escn_105.mesh" type="ArrayMesh" id=108]
[ext_resource path="res://export/meshes/m_e_RecHab1-BI-Mat_escn_106.mesh" type="ArrayMesh" id=109]
[ext_resource path="res://export/meshes/m_e_RecHab1-BI-Mat_escn_107.mesh" type="ArrayMesh" id=110]
[ext_resource path="res://export/meshes/m_e_RecHab1-BI-Mat_escn_108.mesh" type="ArrayMesh" id=111]

[node name="RecHab1-BI-Mat" type="Spatial"]
transform = Transform( 1, 0, 0, 0, 1, 0, 0, 0, 1, -1493.88, -77.797, 367.53 )

[node name="GreenMan1027" type="Spatial" parent="."]
transform = Transform( 1, 0, 0, 0, 1, 0, 0, 0, 1, 1508.43, 77.4168, -340.433 )

[node name="GreenMan" parent="GreenMan1027" instance=ExtResource( 1 )]

[node name="LightTube-FiberoptCable-Armature004" type="MeshInstance" parent="."]
transform = Transform( 1, 0, 0, 0, 1, -1.06173e-008, 0, 1.06173e-008, 1, 1.17347e-007, 10.7244, 1.13865e-007 )
layers = 1
material_override = null
cast_shadow = 1
extra_cull_margin = 0.0
use_in_baked_light = false
lod_min_distance = 0.0
lod_min_hysteresis = 0.0
lod_max_distance = 0.0
lod_max_hysteresis = 0.0
mesh = ExtResource( 2 )
skeleton = NodePath("..")
material/0 = null

[node name="Empty001" type="Spatial" parent="."]
transform = Transform( 1, 0, 0, 0, 1, 0, 0, 0, 1, 0.00794183, 12.0243, -0.15308 )

[node name="PoolRadiatorPIpe" type="MeshInstance" parent="."]
transform = Transform( 0.989409, 0, -0.145153, 0, 1, 0, 0.145153, 0, 0.989409, 1513.1, 72.9398, -404.63 )
layers = 1
material_override = null
cast_shadow = 1
extra_cull_margin = 0.0
use_in_baked_light = false
lod_min_distance = 0.0
lod_min_hysteresis = 0.0
lod_max_distance = 0.0
lod_max_hysteresis = 0.0
mesh = ExtResource( 3 )
skeleton = NodePath("..")
material/0 = null

[node name="Tap2" type="MeshInstance" parent="."]
transform = Transform( 0.989409, 0, -0.145153, 0, 1, 0, 0.145153, 0, 0.989409, 1525.11, 84.0867, -372.032 )
layers = 1
material_override = null
cast_shadow = 1
extra_cull_margin = 0.0
use_in_baked_light = false
lod_min_distance = 0.0
lod_min_hysteresis = 0.0
lod_max_distance = 0.0
lod_max_hysteresis = 0.0
mesh = ExtResource( 4 )
skeleton = NodePath("..")
material/0 = null

[node name="Tap1" type="MeshInstance" parent="."]
transform = Transform( 0.989409, 0, -0.145153, 0, 1, 0, 0.145153, 0, 0.989409, 1525.07, 84.0867, -371.726 )
layers = 1
material_override = null
cast_shadow = 1
extra_cull_margin = 0.0
use_in_baked_light = false
lod_min_distance = 0.0
lod_min_hysteresis = 0.0
lod_max_distance = 0.0
lod_max_hysteresis = 0.0
mesh = ExtResource( 5 )
skeleton = NodePath("..")
material/0 = null

[node name="WaterMain-RecHab1" type="MeshInstance" parent="."]
transform = Transform( 0.989409, 0, -0.145153, 0, 1, 0, 0.145153, 0, 0.989409, 1507.93, 89.0566, -344.518 )
layers = 1
material_override = null
cast_shadow = 1
extra_cull_margin = 0.0
use_in_baked_light = false
lod_min_distance = 0.0
lod_min_hysteresis = 0.0
lod_max_distance = 0.0
lod_max_hysteresis = 0.0
mesh = ExtResource( 6 )
skeleton = NodePath("..")
material/0 = null

[node name="BathroomS-WaterPipes" type="MeshInstance" parent="."]
transform = Transform( 0.989409, 0, -0.145153, 0, 1, 0, 0.145153, 0, 0.989409, 1507.93, 89.0566, -344.518 )
layers = 1
material_override = null
cast_shadow = 1
extra_cull_margin = 0.0
use_in_baked_light = false
lod_min_distance = 0.0
lod_min_hysteresis = 0.0
lod_max_distance = 0.0
lod_max_hysteresis = 0.0
mesh = ExtResource( 7 )
skeleton = NodePath("..")

[node name="WaterPipes" type="MeshInstance" parent="."]
transform = Transform( 0.989409, 0, -0.145153, 0, 1, 0, 0.145153, 0, 0.989409, 1507.93, 89.0566, -344.518 )
layers = 1
material_override = null
cast_shadow = 1
extra_cull_margin = 0.0
use_in_baked_light = false
lod_min_distance = 0.0
lod_min_hysteresis = 0.0
lod_max_distance = 0.0
lod_max_hysteresis = 0.0
mesh = ExtResource( 8 )
skeleton = NodePath("..")
material/0 = null

[node name="BalanceBars" type="MeshInstance" parent="."]
transform = Transform( 0.989409, 0, -0.145153, 0, 1, 0, 0.145153, 0, 0.989409, 1509.24, 71.9961, -351.014 )
layers = 1
material_override = null
cast_shadow = 1
extra_cull_margin = 0.0
use_in_baked_light = false
lod_min_distance = 0.0
lod_min_hysteresis = 0.0
lod_max_distance = 0.0
lod_max_hysteresis = 0.0
mesh = ExtResource( 9 )
skeleton = NodePath("..")
material/0 = null

[node name="TightropePole" type="MeshInstance" parent="."]
transform = Transform( 0.989409, 0, -0.145153, 0, 1, 0, 0.145153, 0, 0.989409, 1518.86, 75.0566, -353.146 )
layers = 1
material_override = null
cast_shadow = 1
extra_cull_margin = 0.0
use_in_baked_light = false
lod_min_distance = 0.0
lod_min_hysteresis = 0.0
lod_max_distance = 0.0
lod_max_hysteresis = 0.0
mesh = ExtResource( 10 )
skeleton = NodePath("..")
material/0 = null

[node name="Tightrope" type="MeshInstance" parent="."]
transform = Transform( 0.989409, 0, -0.145153, 0, 1, 0, 0.145153, 0, 0.989409, 1509.79, 72.8825, -354.47 )
layers = 1
material_override = null
cast_shadow = 1
extra_cull_margin = 0.0
use_in_baked_light = false
lod_min_distance = 0.0
lod_min_hysteresis = 0.0
lod_max_distance = 0.0
lod_max_hysteresis = 0.0
mesh = ExtResource( 11 )
skeleton = NodePath("..")
material/0 = null

[node name="PoolBenchFrames" type="MeshInstance" parent="."]
transform = Transform( 0.989409, 0, -0.145153, 0, 1, 0, 0.145153, 0, 0.989409, 1499.89, 78.3955, -355.988 )
layers = 1
material_override = null
cast_shadow = 1
extra_cull_margin = 0.0
use_in_baked_light = false
lod_min_distance = 0.0
lod_min_hysteresis = 0.0
lod_max_distance = 0.0
lod_max_hysteresis = 0.0
mesh = ExtResource( 12 )
skeleton = NodePath("..")
material/0 = null

[node name="DivingBoardFrame" type="MeshInstance" parent="."]
transform = Transform( 0.989409, 0, -0.145153, 0, 1, 0, 0.145153, 0, 0.989409, 1512.53, 83.9672, -405.385 )
layers = 1
material_override = null
cast_shadow = 1
extra_cull_margin = 0.0
use_in_baked_light = false
lod_min_distance = 0.0
lod_min_hysteresis = 0.0
lod_max_distance = 0.0
lod_max_hysteresis = 0.0
mesh = ExtResource( 13 )
skeleton = NodePath("..")
material/0 = null

[node name="TubeHab-InteriorWalls-LocalGroup" type="MeshInstance" parent="."]
transform = Transform( 0.989399, 0, -0.14522, 0, 1, 0, 0.14522, 0, 0.989399, 1509.67, 79.684, -348.344 )
layers = 1
material_override = null
cast_shadow = 1
extra_cull_margin = 0.0
use_in_baked_light = false
lod_min_distance = 0.0
lod_min_hysteresis = 0.0
lod_max_distance = 0.0
lod_max_hysteresis = 0.0
mesh = ExtResource( 14 )
skeleton = NodePath("..")
material/0 = null

[node name="Truss-TubeHab-LocalGroup" type="MeshInstance" parent="TubeHab-InteriorWalls-LocalGroup"]
transform = Transform( 1, 0, 0, 0, 1, 0, 0, 0, 1, -0.00012207, 0, -0.360779 )
layers = 1
material_override = null
cast_shadow = 1
extra_cull_margin = 0.0
use_in_baked_light = false
lod_min_distance = 0.0
lod_min_hysteresis = 0.0
lod_max_distance = 0.0
lod_max_hysteresis = 0.0
mesh = ExtResource( 15 )
skeleton = NodePath("..")
material/0 = null
material/1 = null

[node name="TubeHab-RetainingWalls-LocalGroup" type="MeshInstance" parent="TubeHab-InteriorWalls-LocalGroup"]
transform = Transform( 1, 0, 0, 0, 1, 0, 0, 0, 1, -0.00012207, 0, 0 )
layers = 1
material_override = null
cast_shadow = 1
extra_cull_margin = 0.0
use_in_baked_light = false
lod_min_distance = 0.0
lod_min_hysteresis = 0.0
lod_max_distance = 0.0
lod_max_hysteresis = 0.0
mesh = ExtResource( 16 )
skeleton = NodePath("..")
material/0 = null

[node name="TubeHab-Entrance" type="MeshInstance" parent="."]
transform = Transform( 1, 0, 0, 0, 1, 0, 0, 0, 1, 1505.32, 79.6032, -319.37 )
layers = 1
material_override = null
cast_shadow = 1
extra_cull_margin = 0.0
use_in_baked_light = false
lod_min_distance = 0.0
lod_min_hysteresis = 0.0
lod_max_distance = 0.0
lod_max_hysteresis = 0.0
mesh = ExtResource( 17 )
skeleton = NodePath("..")
material/0 = null

[node name="TubeHab-Entrance015" type="MeshInstance" parent="."]
transform = Transform( 0.989344, -0.145596, 6.3642e-009, 0, -4.37114e-008, -1, 0.145596, 0.989344, -4.32456e-008, 1505.32, 79.6032, -319.37 )
layers = 1
material_override = null
cast_shadow = 1
extra_cull_margin = 0.0
use_in_baked_light = false
lod_min_distance = 0.0
lod_min_hysteresis = 0.0
lod_max_distance = 0.0
lod_max_hysteresis = 0.0
mesh = ExtResource( 18 )
skeleton = NodePath("..")
material/0 = null

[node name="TubeHab-Cap010" type="MeshInstance" parent="."]
transform = Transform( 1, 0, 0, 0, 1, 0, 0, 0, 1, 1519.77, 79.736, -417.407 )
layers = 1
material_override = null
cast_shadow = 1
extra_cull_margin = 0.0
use_in_baked_light = false
lod_min_distance = 0.0
lod_min_hysteresis = 0.0
lod_max_distance = 0.0
lod_max_hysteresis = 0.0
mesh = ExtResource( 19 )
skeleton = NodePath("..")
material/0 = null

[node name="ToiletStalls-3002" type="MeshInstance" parent="."]
transform = Transform( 7.54979e-008, -0.989409, 0.145154, -1, -7.46983e-008, 1.09588e-008, 0, -0.145154, -0.989409, 1512.44, 73.633, -415.598 )
layers = 1
material_override = null
cast_shadow = 1
extra_cull_margin = 0.0
use_in_baked_light = false
lod_min_distance = 0.0
lod_min_hysteresis = 0.0
lod_max_distance = 0.0
lod_max_hysteresis = 0.0
mesh = ExtResource( 20 )
skeleton = NodePath("..")
material/0 = null

[node name="ToiletStalls-3005" type="MeshInstance" parent="."]
transform = Transform( 7.54979e-008, 0.989409, -0.145155, -1, 7.46983e-008, -1.09589e-008, 0, 0.145155, 0.989409, 1522.69, 73.633, -411.577 )
layers = 1
material_override = null
cast_shadow = 1
extra_cull_margin = 0.0
use_in_baked_light = false
lod_min_distance = 0.0
lod_min_hysteresis = 0.0
lod_max_distance = 0.0
lod_max_hysteresis = 0.0
mesh = ExtResource( 21 )
skeleton = NodePath("..")
material/0 = null

[node name="Toilet032" type="Spatial" parent="."]
transform = Transform( -0.145153, 0, -0.989409, 0, 1, 0, 0.989409, 0, -0.145153, 1508.26, 72.8622, -346.09 )

[node name="Toilet" parent="Toilet032" instance=ExtResource( 22 )]

[node name="Toilet031" type="Spatial" parent="."]
transform = Transform( -0.145153, 0, -0.989409, 0, 1, 0, 0.989409, 0, -0.145153, 1509.25, 72.8622, -345.944 )

[node name="Toilet" parent="Toilet031" instance=ExtResource( 22 )]

[node name="Toilet030" type="Spatial" parent="."]
transform = Transform( 0.145155, 0, 0.989409, 0, 1, 0, -0.989409, 0, 0.145155, 1516.4, 72.8622, -412.164 )

[node name="Toilet" parent="Toilet030" instance=ExtResource( 22 )]

[node name="Toilet029" type="Spatial" parent="."]
transform = Transform( 0.145155, 0, 0.989409, 0, 1, 0, -0.989409, 0, 0.145155, 1515.41, 72.8622, -412.308 )

[node name="Toilet" parent="Toilet029" instance=ExtResource( 22 )]

[node name="Toilet028" type="Spatial" parent="."]
transform = Transform( 0.145155, 0, 0.989409, 0, 1, 0, -0.989409, 0, 0.145155, 1514.42, 72.8622, -412.454 )

[node name="Toilet" parent="Toilet028" instance=ExtResource( 22 )]

[node name="Toilet027" type="Spatial" parent="."]
transform = Transform( 0.145155, 0, 0.989409, 0, 1, 0, -0.989409, 0, 0.145155, 1513.43, 72.8622, -412.599 )

[node name="Toilet" parent="Toilet027" instance=ExtResource( 22 )]

[node name="Toilet026" type="Spatial" parent="."]
transform = Transform( 0.145155, 0, 0.989409, 0, 1, 0, -0.989409, 0, 0.145155, 1512.44, 72.8622, -412.745 )

[node name="Toilet" parent="Toilet026" instance=ExtResource( 22 )]

[node name="Toilet025" type="Spatial" parent="."]
transform = Transform( 0.145155, 0, 0.989409, 0, 1, 0, -0.989409, 0, 0.145155, 1511.46, 72.8622, -412.89 )

[node name="Toilet" parent="Toilet025" instance=ExtResource( 22 )]

[node name="Toilet024" type="Spatial" parent="."]
transform = Transform( 0.145153, 0, 0.989409, 0, 1, 0, -0.989409, 0, 0.145153, 1511.43, 72.8622, -341.624 )

[node name="Toilet" parent="Toilet024" instance=ExtResource( 22 )]

[node name="Toilet001" type="Spatial" parent="."]
transform = Transform( 0.145153, 0, 0.989409, 0, 1, 0, -0.989409, 0, 0.145153, 1510.44, 72.8622, -341.769 )

[node name="Toilet" parent="Toilet001" instance=ExtResource( 22 )]

[node name="Toilet002" type="Spatial" parent="."]
transform = Transform( 0.145153, 0, 0.989409, 0, 1, 0, -0.989409, 0, 0.145153, 1509.45, 72.8622, -341.914 )

[node name="Toilet" parent="Toilet002" instance=ExtResource( 22 )]

[node name="Toilet003" type="Spatial" parent="."]
transform = Transform( 0.145153, 0, 0.989409, 0, 1, 0, -0.989409, 0, 0.145153, 1508.46, 72.8622, -342.06 )

[node name="Toilet" parent="Toilet003" instance=ExtResource( 22 )]

[node name="Toilet004" type="Spatial" parent="."]
transform = Transform( 0.145153, 0, 0.989409, 0, 1, 0, -0.989409, 0, 0.145153, 1507.47, 72.8622, -342.205 )

[node name="Toilet" parent="Toilet004" instance=ExtResource( 22 )]

[node name="Toilet005" type="Spatial" parent="."]
transform = Transform( 0.145153, 0, 0.989409, 0, 1, 0, -0.989409, 0, 0.145153, 1506.48, 72.8622, -342.35 )

[node name="Toilet" parent="Toilet005" instance=ExtResource( 22 )]

[node name="Toilet006" type="Spatial" parent="."]
transform = Transform( 0.145153, 0, 0.989409, 0, 1, 0, -0.989409, 0, 0.145153, 1505.49, 72.8622, -342.495 )

[node name="Toilet" parent="Toilet006" instance=ExtResource( 22 )]

[node name="Toilet007" type="Spatial" parent="."]
transform = Transform( 0.145153, 0, 0.989409, 0, 1, 0, -0.989409, 0, 0.145153, 1504.5, 72.8622, -342.64 )

[node name="Toilet" parent="Toilet007" instance=ExtResource( 22 )]

[node name="Toilet008" type="Spatial" parent="."]
transform = Transform( 0.145153, 0, 0.989409, 0, 1, 0, -0.989409, 0, 0.145153, 1502.93, 72.8622, -342.872 )

[node name="Toilet" parent="Toilet008" instance=ExtResource( 22 )]

[node name="Toilet009" type="Spatial" parent="."]
transform = Transform( 0.145153, 0, 0.989409, 0, 1, 0, -0.989409, 0, 0.145153, 1501.94, 72.8622, -343.017 )

[node name="Toilet" parent="Toilet009" instance=ExtResource( 22 )]

[node name="Toilet010" type="Spatial" parent="."]
transform = Transform( 0.145153, 0, 0.989409, 0, 1, 0, -0.989409, 0, 0.145153, 1500.95, 72.8622, -343.162 )

[node name="Toilet" parent="Toilet010" instance=ExtResource( 22 )]

[node name="Toilet011" type="Spatial" parent="."]
transform = Transform( 0.145153, 0, 0.989409, 0, 1, 0, -0.989409, 0, 0.145153, 1499.96, 72.8622, -343.307 )

[node name="Toilet" parent="Toilet011" instance=ExtResource( 22 )]

[node name="Toilet012" type="Spatial" parent="."]
transform = Transform( -0.145153, 0, -0.989409, 0, 1, 0, 0.989409, 0, -0.145153, 1510.24, 72.8622, -345.799 )

[node name="Toilet" parent="Toilet012" instance=ExtResource( 22 )]

[node name="Toilet033" type="Spatial" parent="."]
transform = Transform( -0.145153, 0, -0.989409, 0, 1, 0, 0.989409, 0, -0.145153, 1503.39, 72.8622, -346.804 )

[node name="Toilet" parent="Toilet033" instance=ExtResource( 22 )]

[node name="Toilet034" type="Spatial" parent="."]
transform = Transform( -0.145153, 0, -0.989409, 0, 1, 0, 0.989409, 0, -0.145153, 1502.4, 72.8622, -346.95 )

[node name="Toilet" parent="Toilet034" instance=ExtResource( 22 )]

[node name="Toilet035" type="Spatial" parent="."]
transform = Transform( -0.145153, 0, -0.989409, 0, 1, 0, 0.989409, 0, -0.145153, 1501.41, 72.8622, -347.095 )

[node name="Toilet" parent="Toilet035" instance=ExtResource( 22 )]

[node name="Toilet036" type="Spatial" parent="."]
transform = Transform( -0.145153, 0, -0.989409, 0, 1, 0, 0.989409, 0, -0.145153, 1500.42, 72.8622, -347.24 )

[node name="Toilet" parent="Toilet036" instance=ExtResource( 22 )]

[node name="Toilet037" type="Spatial" parent="."]
transform = Transform( -0.145153, 0, -0.989409, 0, 1, 0, 0.989409, 0, -0.145153, 1517.74, 72.8622, -415.156 )

[node name="Toilet" parent="Toilet037" instance=ExtResource( 22 )]

[node name="Toilet038" type="Spatial" parent="."]
transform = Transform( -0.145153, 0, -0.989409, 0, 1, 0, 0.989409, 0, -0.145153, 1516.75, 72.8622, -415.301 )

[node name="Toilet" parent="Toilet038" instance=ExtResource( 22 )]

[node name="Toilet039" type="Spatial" parent="."]
transform = Transform( -0.145153, 0, -0.989409, 0, 1, 0, 0.989409, 0, -0.145153, 1515.76, 72.8622, -415.446 )

[node name="Toilet" parent="Toilet039" instance=ExtResource( 22 )]

[node name="Toilet040" type="Spatial" parent="."]
transform = Transform( -0.145153, 0, -0.989409, 0, 1, 0, 0.989409, 0, -0.145153, 1514.77, 72.8622, -415.591 )

[node name="Toilet" parent="Toilet040" instance=ExtResource( 22 )]

[node name="Toilet041" type="Spatial" parent="."]
transform = Transform( -0.145153, 0, -0.989409, 0, 1, 0, 0.989409, 0, -0.145153, 1513.78, 72.8622, -415.736 )

[node name="Toilet" parent="Toilet041" instance=ExtResource( 22 )]

[node name="Toilet042" type="Spatial" parent="."]
transform = Transform( -0.145153, 0, -0.989409, 0, 1, 0, 0.989409, 0, -0.145153, 1512.79, 72.8622, -415.881 )

[node name="Toilet" parent="Toilet042" instance=ExtResource( 22 )]

[node name="SwimmingPool-Water" type="MeshInstance" parent="."]
transform = Transform( 0.989399, 0, -0.14522, 0, 1, 0, 0.14522, 0, 0.989399, 1509.67, 74.4672, -380.006 )
layers = 1
material_override = null
cast_shadow = 1
extra_cull_margin = 0.0
use_in_baked_light = false
lod_min_distance = 0.0
lod_min_hysteresis = 0.0
lod_max_distance = 0.0
lod_max_hysteresis = 0.0
mesh = ExtResource( 23 )
skeleton = NodePath("..")
material/0 = null

[node name="SwimmingPool-Frame" type="MeshInstance" parent="."]
transform = Transform( 0.989392, 0, -0.145272, 0, 1, 0, 0.145272, 0, 0.989392, 1509.68, 74.4672, -380.025 )
layers = 1
material_override = null
cast_shadow = 1
extra_cull_margin = 0.0
use_in_baked_light = false
lod_min_distance = 0.0
lod_min_hysteresis = 0.0
lod_max_distance = 0.0
lod_max_hysteresis = 0.0
mesh = ExtResource( 24 )
skeleton = NodePath("..")
material/0 = null

[node name="Pool-Diving-edge" type="MeshInstance" parent="SwimmingPool-Frame"]
transform = Transform( 1, 0, -6.61612e-006, -3.75342e-009, 1, 8.04849e-011, 6.64592e-006, 0, 1, 4.01733, 1.71987, 25.1434 )
layers = 1
material_override = null
cast_shadow = 1
extra_cull_margin = 0.0
use_in_baked_light = false
lod_min_distance = 0.0
lod_min_hysteresis = 0.0
lod_max_distance = 0.0
lod_max_hysteresis = 0.0
mesh = ExtResource( 25 )
skeleton = NodePath("..")
material/0 = null

[node name="PoolViewingLevel" type="MeshInstance" parent="SwimmingPool-Frame"]
transform = Transform( 1.41296, 0, 0.00125067, -5.30353e-009, 1.41296, 1.08992e-010, -0.00125062, 0, 1.41296, 2.30811, -2.47113, -4.84033 )
layers = 1
material_override = null
cast_shadow = 1
extra_cull_margin = 0.0
use_in_baked_light = false
lod_min_distance = 0.0
lod_min_hysteresis = 0.0
lod_max_distance = 0.0
lod_max_hysteresis = 0.0
mesh = ExtResource( 26 )
skeleton = NodePath("..")
material/0 = null

[node name="SwimmingPool-Glass-TopFringe" type="MeshInstance" parent="SwimmingPool-Frame"]
transform = Transform( 1, 0, 0, -6.76477e-011, 1, -4.60721e-010, -2.98023e-008, 0, 1, -0.000366211, 0, -6.10352e-005 )
layers = 1
material_override = null
cast_shadow = 1
extra_cull_margin = 0.0
use_in_baked_light = false
lod_min_distance = 0.0
lod_min_hysteresis = 0.0
lod_max_distance = 0.0
lod_max_hysteresis = 0.0
mesh = ExtResource( 27 )
skeleton = NodePath("..")
material/0 = null

[node name="SwimmingPool-PerimeterDrains" type="MeshInstance" parent="SwimmingPool-Frame"]
transform = Transform( 0.990967, 0, -6.61612e-006, -3.71951e-009, 1, 8.03433e-011, 6.57141e-006, 0, 0.998241, -0.00292969, -0.00543213, 0.031311 )
layers = 1
material_override = null
cast_shadow = 1
extra_cull_margin = 0.0
use_in_baked_light = false
lod_min_distance = 0.0
lod_min_hysteresis = 0.0
lod_max_distance = 0.0
lod_max_hysteresis = 0.0
mesh = ExtResource( 28 )
skeleton = NodePath("..")
material/0 = null

[node name="SwimmingPool-Supports" type="MeshInstance" parent="SwimmingPool-Frame"]
transform = Transform( 1, 0, -6.63102e-006, -3.75342e-009, 1, 8.04849e-011, 6.66082e-006, 0, 1, 0.986206, 0.2621, 25.1435 )
layers = 1
material_override = null
cast_shadow = 1
extra_cull_margin = 0.0
use_in_baked_light = false
lod_min_distance = 0.0
lod_min_hysteresis = 0.0
lod_max_distance = 0.0
lod_max_hysteresis = 0.0
mesh = ExtResource( 29 )
skeleton = NodePath("..")
material/0 = null

[node name="SwimmingPool-Walls" type="MeshInstance" parent="SwimmingPool-Frame"]
transform = Transform( 1, 0, 0, -6.76477e-011, 1, -4.60721e-010, -2.98023e-008, 0, 1, -0.00012207, -0.0166931, -6.10352e-005 )
layers = 1
material_override = null
cast_shadow = 1
extra_cull_margin = 0.0
use_in_baked_light = false
lod_min_distance = 0.0
lod_min_hysteresis = 0.0
lod_max_distance = 0.0
lod_max_hysteresis = 0.0
mesh = ExtResource( 30 )
skeleton = NodePath("..")
material/0 = null

[node name="Spot002" type="OmniLight" parent="."]
transform = Transform( 1, 0, 0, 0, -4.37114e-008, 1, 0, -1, -4.37114e-008, 1516.01, 85.0888, -366.567 )
layers = 1
light_color = Color( 1, 1, 1, 1 )
light_energy = 1.0
light_indirect_energy = 1.0
light_negative = false
light_specular = 1.0
light_bake_mode = 1
light_cull_mask = -1
shadow_enabled = false
shadow_color = Color( 0, 0, 0, 1 )
shadow_bias = 0.15
shadow_contact = 0.0
shadow_reverse_cull_face = false
editor_only = false
omni_range = 25.0
omni_attenuation = 1.0
omni_shadow_mode = 1
omni_shadow_detail = 1

[node name="Spot003" type="OmniLight" parent="."]
transform = Transform( 1, 0, 0, 0, -4.37114e-008, 1, 0, -1, -4.37114e-008, 1520.21, 85.0888, -397.232 )
layers = 1
light_color = Color( 1, 1, 1, 1 )
light_energy = 1.0
light_indirect_energy = 1.0
light_negative = false
light_specular = 1.0
light_bake_mode = 1
light_cull_mask = -1
shadow_enabled = false
shadow_color = Color( 0, 0, 0, 1 )
shadow_bias = 0.15
shadow_contact = 0.0
shadow_reverse_cull_face = false
editor_only = false
omni_range = 25.0
omni_attenuation = 1.0
omni_shadow_mode = 1
omni_shadow_detail = 1

[node name="ShimmyStair-Steps" type="MeshInstance" parent="."]
transform = Transform( 2.05732, 0, -0.145153, 0, 1, 0, 0.301823, 0, 0.989409, 1505.03, 75.6871, -345.983 )
layers = 1
material_override = null
cast_shadow = 1
extra_cull_margin = 0.0
use_in_baked_light = false
lod_min_distance = 0.0
lod_min_hysteresis = 0.0
lod_max_distance = 0.0
lod_max_hysteresis = 0.0
mesh = ExtResource( 31 )
skeleton = NodePath("..")
material/0 = null
material/1 = null
material/2 = null

[node name="ShimmyStair-Rails" type="MeshInstance" parent="ShimmyStair-Steps"]
transform = Transform( 3.63086e-008, 2.98023e-008, 0.480922, 1, -8.00109e-011, -7.17445e-008, 1.77636e-015, 1, -2.98023e-008, 0.219727, 0.842148, 0.523621 )
layers = 1
material_override = null
cast_shadow = 1
extra_cull_margin = 0.0
use_in_baked_light = false
lod_min_distance = 0.0
lod_min_hysteresis = 0.0
lod_max_distance = 0.0
lod_max_hysteresis = 0.0
mesh = ExtResource( 32 )
skeleton = NodePath("..")
material/0 = null

[node name="ShimmyPole1" type="MeshInstance" parent="ShimmyStair-Steps/ShimmyStair-Rails"]
transform = Transform( -2.97978e-010, 1, -7.80327e-008, 1, -4.46911e-015, -5.96046e-008, -7.45058e-008, -7.54979e-008, -1, 0.00682068, -0.000671387, -0.456787 )
layers = 1
material_override = null
cast_shadow = 1
extra_cull_margin = 0.0
use_in_baked_light = false
lod_min_distance = 0.0
lod_min_hysteresis = 0.0
lod_max_distance = 0.0
lod_max_hysteresis = 0.0
mesh = ExtResource( 33 )
skeleton = NodePath("..")
material/0 = null

[node name="ShimmyStair-Steps009" type="MeshInstance" parent="."]
transform = Transform( 0.301822, 0, 0.989409, 0, 1, 0, -2.05732, 0, 0.145153, 1515.46, 71.9961, -408.787 )
layers = 1
material_override = null
cast_shadow = 1
extra_cull_margin = 0.0
use_in_baked_light = false
lod_min_distance = 0.0
lod_min_hysteresis = 0.0
lod_max_distance = 0.0
lod_max_hysteresis = 0.0
mesh = ExtResource( 34 )
skeleton = NodePath("..")
material/0 = null
material/1 = null
material/2 = null

[node name="ShimmyPole1009" type="MeshInstance" parent="ShimmyStair-Steps009"]
transform = Transform( 9.68575e-008, -3.607e-008, -0.480922, -6.80868e-008, 1, -7.55426e-008, 1, 7.54979e-008, 2.08616e-007, 3.05176e-005, 0.850578, 0.536377 )
layers = 1
material_override = null
cast_shadow = 1
extra_cull_margin = 0.0
use_in_baked_light = false
lod_min_distance = 0.0
lod_min_hysteresis = 0.0
lod_max_distance = 0.0
lod_max_hysteresis = 0.0
mesh = ExtResource( 35 )
skeleton = NodePath("..")
material/0 = null

[node name="ShimmyStair-Rails009" type="MeshInstance" parent="ShimmyStair-Steps009"]
transform = Transform( -1.77636e-015, 1.63913e-007, 0.480922, 1, -6.80868e-008, 5.40763e-010, 7.54979e-008, 1, -3.57628e-007, 0.219757, 0.843765, 0.536987 )
layers = 1
material_override = null
cast_shadow = 1
extra_cull_margin = 0.0
use_in_baked_light = false
lod_min_distance = 0.0
lod_min_hysteresis = 0.0
lod_max_distance = 0.0
lod_max_hysteresis = 0.0
mesh = ExtResource( 36 )
skeleton = NodePath("..")
material/0 = null

[node name="ShimmyStair-Steps008" type="MeshInstance" parent="."]
transform = Transform( 2.05732, 0, -0.145153, 0, 1, 0, 0.301823, 0, 0.989409, 1506.51, 75.6871, -345.765 )
layers = 1
material_override = null
cast_shadow = 1
extra_cull_margin = 0.0
use_in_baked_light = false
lod_min_distance = 0.0
lod_min_hysteresis = 0.0
lod_max_distance = 0.0
lod_max_hysteresis = 0.0
mesh = ExtResource( 37 )
skeleton = NodePath("..")
material/0 = null
material/1 = null
material/2 = null

[node name="ShimmyPole1008" type="MeshInstance" parent="ShimmyStair-Steps008"]
transform = Transform( -1.49012e-008, 2.38561e-010, -0.480922, -3.47328e-010, 1, 6.31233e-010, 1, -5.74131e-010, -1.49012e-008, 0.00012207, 0.848961, 0.52301 )
layers = 1
material_override = null
cast_shadow = 1
extra_cull_margin = 0.0
use_in_baked_light = false
lod_min_distance = 0.0
lod_min_hysteresis = 0.0
lod_max_distance = 0.0
lod_max_hysteresis = 0.0
mesh = ExtResource( 38 )
skeleton = NodePath("..")
material/0 = null

[node name="ShimmyStair-Rails008" type="MeshInstance" parent="ShimmyStair-Steps008"]
transform = Transform( 3.63086e-008, 2.23517e-008, 0.480922, 1, -4.60733e-010, -7.55655e-008, 0, 1, -4.47035e-008, 0.219788, 0.842148, 0.523621 )
layers = 1
material_override = null
cast_shadow = 1
extra_cull_margin = 0.0
use_in_baked_light = false
lod_min_distance = 0.0
lod_min_hysteresis = 0.0
lod_max_distance = 0.0
lod_max_hysteresis = 0.0
mesh = ExtResource( 39 )
skeleton = NodePath("..")
material/0 = null

[node name="ShimmyStair-Steps007" type="MeshInstance" parent="."]
transform = Transform( 0.301822, 0, 0.989409, 0, 1, 0, -2.05732, 0, 0.145153, 1516.67, 86.9528, -343.562 )
layers = 1
material_override = null
cast_shadow = 1
extra_cull_margin = 0.0
use_in_baked_light = false
lod_min_distance = 0.0
lod_min_hysteresis = 0.0
lod_max_distance = 0.0
lod_max_hysteresis = 0.0
mesh = ExtResource( 40 )
skeleton = NodePath("..")
material/0 = null
material/1 = null
material/2 = null

[node name="ShimmyStair-Rails007" type="MeshInstance" parent="ShimmyStair-Steps007"]
transform = Transform( 0, 1.86265e-007, 0.480922, 1, -7.93189e-008, 3.80753e-010, 7.54979e-008, 1, -3.42727e-007, 0.219788, 0.843758, 0.536743 )
layers = 1
material_override = null
cast_shadow = 1
extra_cull_margin = 0.0
use_in_baked_light = false
lod_min_distance = 0.0
lod_min_hysteresis = 0.0
lod_max_distance = 0.0
lod_max_hysteresis = 0.0
mesh = ExtResource( 41 )
skeleton = NodePath("..")
material/0 = null

[node name="ShimmyPole1007" type="MeshInstance" parent="ShimmyStair-Steps007/ShimmyStair-Rails007"]
transform = Transform( -3.10943e-009, 1, -7.51398e-008, 1, -1.86265e-009, -1.49012e-007, -1.49012e-007, -7.50019e-008, -1, 0.00682831, -0.000610352, -0.45697 )
layers = 1
material_override = null
cast_shadow = 1
extra_cull_margin = 0.0
use_in_baked_light = false
lod_min_distance = 0.0
lod_min_hysteresis = 0.0
lod_max_distance = 0.0
lod_max_hysteresis = 0.0
mesh = ExtResource( 42 )
skeleton = NodePath("..")
material/0 = null

[node name="ShimmyStair-Steps006" type="MeshInstance" parent="."]
transform = Transform( 0.301822, 0, 0.989409, 0, 1, 0, -2.05732, 0, 0.145153, 1516.89, 86.9559, -345.046 )
layers = 1
material_override = null
cast_shadow = 1
extra_cull_margin = 0.0
use_in_baked_light = false
lod_min_distance = 0.0
lod_min_hysteresis = 0.0
lod_max_distance = 0.0
lod_max_hysteresis = 0.0
mesh = ExtResource( 43 )
skeleton = NodePath("..")
material/0 = null
material/1 = null
material/2 = null

[node name="ShimmyStair-Rails006" type="MeshInstance" parent="ShimmyStair-Steps006"]
transform = Transform( -1.77636e-015, 1.71363e-007, 0.480922, 1, -8.30048e-008, -1.59982e-010, 7.54979e-008, 1, -3.42727e-007, 0.219757, 0.843758, 0.536743 )
layers = 1
material_override = null
cast_shadow = 1
extra_cull_margin = 0.0
use_in_baked_light = false
lod_min_distance = 0.0
lod_min_hysteresis = 0.0
lod_max_distance = 0.0
lod_max_hysteresis = 0.0
mesh = ExtResource( 44 )
skeleton = NodePath("..")
material/0 = null

[node name="ShimmyPole1006" type="MeshInstance" parent="ShimmyStair-Steps006/ShimmyStair-Rails006"]
transform = Transform( 8.46775e-010, 1, -7.38376e-008, 1, -1.86266e-009, -1.49012e-007, -1.49012e-007, -7.50019e-008, -1, 0.00682068, -0.000732422, -0.45697 )
layers = 1
material_override = null
cast_shadow = 1
extra_cull_margin = 0.0
use_in_baked_light = false
lod_min_distance = 0.0
lod_min_hysteresis = 0.0
lod_max_distance = 0.0
lod_max_hysteresis = 0.0
mesh = ExtResource( 45 )
skeleton = NodePath("..")
material/0 = null

[node name="ShimmyStair-Steps005" type="MeshInstance" parent="."]
transform = Transform( 2.05732, 0, -0.145153, 0, 1, 0, 0.301823, 0, 0.989409, 1517.38, 86.9335, -414.953 )
layers = 1
material_override = null
cast_shadow = 1
extra_cull_margin = 0.0
use_in_baked_light = false
lod_min_distance = 0.0
lod_min_hysteresis = 0.0
lod_max_distance = 0.0
lod_max_hysteresis = 0.0
mesh = ExtResource( 46 )
skeleton = NodePath("..")
material/0 = null
material/1 = null
