[gd_scene load_steps=2 format=2]

[ext_resource path="res://Assets/MoonTown/Models/Radio_Dish_Deep_Space/Radio_Dish_Deep_Space.glb" type="PackedScene" id=1]

[node name="Radio_Dish_Deep_Space" instance=ExtResource( 1 )]

[node name="RadioDish-DeepSpace_LOD0" parent="LOD0/RadioDish-DeepSpace-Tower_LOD0/RadioDish-DeepSpace-Base_LOD0" index="0"]
transform = Transform( 0.961262, -0.275637, 0, 0.233754, 0.815196, -0.529919, 0.146066, 0.509391, 0.848048, -6.10352e-05, -4.57764e-05, 0.000488281 )

[node name="RadioDish-DeepSpace_LOD1" parent="LOD1/RadioDish-DeepSpace-Tower_LOD1/RadioDish-DeepSpace-Base_LOD1" index="0"]
transform = Transform( 0.961262, -0.275637, 0, 0.233754, 0.815196, -0.529919, 0.146066, 0.509391, 0.848048, -6.10352e-05, -4.57764e-05, 0.000488281 )

[node name="RadioDish-DeepSpace_LOD2" parent="LOD2/RadioDish-DeepSpace-Tower_LOD2/RadioDish-DeepSpace-Base_LOD2" index="0"]
transform = Transform( 0.961262, -0.275637, 0, 0.233754, 0.815196, -0.529919, 0.146066, 0.509391, 0.848048, -6.10352e-05, -4.57764e-05, 0.000488281 )
