[gd_scene load_steps=4 format=2]

[ext_resource path="res://Assets/MoonTown/Models/Bucknell_Rocket/SCTR_Bucknell_Opt.tscn" type="PackedScene" id=1]
[ext_resource path="res://SceneComponent/Display/HighlightPresentation.gd" type="Script" id=2]
[ext_resource path="res://SceneComponent/Display/HighlightItem.gd" type="Script" id=3]

[node name="Slide" type="Spatial"]
script = ExtResource( 2 )

[node name="Subject" parent="." instance=ExtResource( 1 )]

[node name="Camera" type="Camera" parent="."]
transform = Transform( 0.661226, -0.750187, 0, 0.750187, 0.661226, 0, 0, 0, 1, 2.29614, 22.652, 27.0651 )

[node name="Item1" type="Node" parent="."]
script = ExtResource( 3 )
item_name = "Nozzle"

[node name="Camera1" type="Camera" parent="Item1"]
transform = Transform( 0.661226, -0.750187, 0, 0.750187, 0.661226, 0, 0, 0, 1, 0.684538, 6.83026, 12.5798 )

[node name="DirectionalLight1" type="DirectionalLight" parent="Item1"]
transform = Transform( 0.697436, 0, -0.716647, 0, 1, 0, 0.716647, 0, 0.697436, -17.4376, 12.0353, 18.2781 )

[node name="Item2" type="Node" parent="."]
script = ExtResource( 3 )
item_name = "Exhaust"

[node name="Camera2" type="Camera" parent="Item2"]
transform = Transform( -0.99701, 0.0763305, -0.0120498, 0.0318171, 0.26338, -0.964167, -0.0704217, -0.961668, -0.265021, 0.521615, -7.36271, -2.47952 )

[node name="DirectionalLight2" type="DirectionalLight" parent="Item2"]
transform = Transform( 0.697436, 0, -0.716647, 0, 1, 0, 0.716647, 0, 0.697436, -17.4376, 12.0353, 18.2781 )

[node name="HUD" type="Control" parent="."]
anchor_right = 1.0
anchor_bottom = 1.0
__meta__ = {
"_edit_use_anchors_": false
}

[node name="Panel" type="PanelContainer" parent="HUD"]
anchor_top = 1.0
anchor_bottom = 1.0
margin_top = -360.0
margin_right = 460.0
__meta__ = {
"_edit_use_anchors_": false
}

[node name="CenterContainer" type="CenterContainer" parent="HUD/Panel"]
margin_left = 7.0
margin_top = 7.0
margin_right = 453.0
margin_bottom = 353.0

[node name="Tree" type="Tree" parent="HUD/Panel/CenterContainer"]
margin_left = 222.0
margin_top = 172.0
margin_right = 223.0
margin_bottom = 173.0
