[gd_scene load_steps=6 format=2]

[ext_resource path="res://Assets/MoonTown/Constructs/First_Gallery/First_Gallery_Lower_LowerPart.glb" type="PackedScene" id=1]
[ext_resource path="res://Assets/MoonTown/Models/Tube_Habs/TubeHab.tscn" type="PackedScene" id=2]
[ext_resource path="res://Assets/MoonTown/Models/Tube_Habs/TubeHab_Mirror.tscn" type="PackedScene" id=3]
[ext_resource path="res://SceneComponent/Object/ConstructionBoundary/ConstructionBoundary.tscn" type="PackedScene" id=4]

[sub_resource type="BoxShape" id=1]
extents = Vector3( 4.32822, 5.1484, 1 )

[node name="First_Gallery_Lower_LowerPart" instance=ExtResource( 1 )]

[node name="LowBeams1" parent="LOD1" index="3"]
transform = Transform( 0.821001, 0, 0.570926, 0, 1, 0, -0.570926, 0, 0.821001, -111.324, -80.7138, 57.8379 )

[node name="TubeHab" parent="Marker_TubeHab_Lower" index="0" instance=ExtResource( 2 )]
transform = Transform( 1.5, 0, 0, 0, 1.5, 0, 0, 0, 1.5, 0, 0, 0 )

[node name="TubeHab_Mirror" parent="Marker_TubeHab_Mirror" index="0" instance=ExtResource( 3 )]

[node name="ConstructionBoundary" parent="." index="10" instance=ExtResource( 4 )]
transform = Transform( 1, 0, 0, 0, 1, 0, 0, 0, 1, 8.44021, -28.2928, -12.4965 )

[node name="CollisionShape" type="CollisionShape" parent="ConstructionBoundary" index="1"]
transform = Transform( 1, 0, 0, 0, 1, 0, 0, 0, 1, 0, 0.237689, 0 )
shape = SubResource( 1 )

[node name="ConstructionBoundaryUpperRamp" parent="." index="11" instance=ExtResource( 4 )]
transform = Transform( -0.99258, 0, 0.121592, 0, 1, 0, -0.121592, 0, -0.99258, 215.391, 163.625, 46.3415 )

[node name="CollisionShape" type="CollisionShape" parent="ConstructionBoundaryUpperRamp" index="1"]
transform = Transform( 1, 0, 0, 0, 1, 0, 0, 0, 1, 0, 0.237689, 0 )
shape = SubResource( 1 )

[node name="ConstructionBoundary2" parent="." index="12" instance=ExtResource( 4 )]
transform = Transform( -0.962391, -0.0255633, 0.270463, 0.0485227, 0.96338, 0.263715, -0.2673, 0.26692, -0.925907, -6.70805, -37.6181, 49.4123 )

[node name="CollisionShape" type="CollisionShape" parent="ConstructionBoundary2" index="1"]
transform = Transform( 1, 0, 0, 0, 1, 0, 0, 0, 1, 0, 0.237689, 0 )
shape = SubResource( 1 )
