[gd_scene load_steps=4 format=2]

[ext_resource path="res://Assets/MoonTown/Constructs/Rim_Arcade/Rim_Arcade.glb" type="PackedScene" id=1]
[ext_resource path="res://Assets/MoonTown/Models/Arcade_Window/Arcade_Window.tscn" type="PackedScene" id=2]
[ext_resource path="res://Script/Graphics/MultiMeshConverter.gd" type="Script" id=3]

[node name="Rim_Arcade" instance=ExtResource( 1 )]

[node name="MultiMeshConverter" type="Spatial" parent="LOD0" index="1"]
script = ExtResource( 3 )

[node name="Marker_TunnelWindow000" type="Spatial" parent="LOD0/MultiMeshConverter" index="0"]
transform = Transform( 0.968583, 0, -0.24869, 0, 1, 0, 0.24869, 0, 0.968583, 20.6051, -1.82552, -60.8326 )

[node name="Arcade_Window" parent="LOD0/MultiMeshConverter/Marker_TunnelWindow000" index="0" instance=ExtResource( 2 )]

[node name="Marker_TunnelWindow001" type="Spatial" parent="LOD0/MultiMeshConverter" index="1"]
transform = Transform( 0.968583, 0, -0.24869, 0, 1, 0, 0.24869, 0, 0.968583, 17.2222, -1.82626, -47.6307 )

[node name="Arcade_Window" parent="LOD0/MultiMeshConverter/Marker_TunnelWindow001" index="0" instance=ExtResource( 2 )]

[node name="Marker_TunnelWindow002" type="Spatial" parent="LOD0/MultiMeshConverter" index="2"]
transform = Transform( 0.968583, 0, -0.24869, 0, 1, 0, 0.24869, 0, 0.968583, 13.8393, -1.82627, -34.4288 )

[node name="Arcade_Window" parent="LOD0/MultiMeshConverter/Marker_TunnelWindow002" index="0" instance=ExtResource( 2 )]

[node name="Marker_TunnelWindow003" type="Spatial" parent="LOD0/MultiMeshConverter" index="3"]
transform = Transform( 0.968583, 0, -0.24869, 0, 1, 0, 0.24869, 0, 0.968583, 10.4565, -1.82627, -21.2269 )

[node name="Arcade_Window" parent="LOD0/MultiMeshConverter/Marker_TunnelWindow003" index="0" instance=ExtResource( 2 )]

[node name="Marker_TunnelWindow004" type="Spatial" parent="LOD0/MultiMeshConverter" index="4"]
transform = Transform( 0.968583, 0, -0.24869, 0, 1, 0, 0.24869, 0, 0.968583, 7.07367, -1.82628, -8.025 )

[node name="Arcade_Window" parent="LOD0/MultiMeshConverter/Marker_TunnelWindow004" index="0" instance=ExtResource( 2 )]

[node name="Marker_TunnelWindow005" type="Spatial" parent="LOD0/MultiMeshConverter" index="5"]
transform = Transform( 0.968583, 0, -0.24869, 0, 1, 0, 0.24869, 0, 0.968583, 3.69087, -1.82628, 5.17691 )

[node name="Arcade_Window" parent="LOD0/MultiMeshConverter/Marker_TunnelWindow005" index="0" instance=ExtResource( 2 )]

[node name="Marker_TunnelWindow006" type="Spatial" parent="LOD0/MultiMeshConverter" index="6"]
transform = Transform( 0.968583, 0, -0.24869, 0, 1, 0, 0.24869, 0, 0.968583, 0.307999, -1.82629, 18.3788 )

[node name="Arcade_Window" parent="LOD0/MultiMeshConverter/Marker_TunnelWindow006" index="0" instance=ExtResource( 2 )]

[node name="Marker_TunnelWindow007" type="Spatial" parent="LOD0/MultiMeshConverter" index="7"]
transform = Transform( 0.968583, 0, -0.24869, 0, 1, 0, 0.24869, 0, 0.968583, -3.07487, -1.8263, 31.5807 )

[node name="Arcade_Window" parent="LOD0/MultiMeshConverter/Marker_TunnelWindow007" index="0" instance=ExtResource( 2 )]

[node name="Marker_TunnelWindow008" type="Spatial" parent="LOD0/MultiMeshConverter" index="8"]
transform = Transform( 0.968583, 0, -0.24869, 0, 1, 0, 0.24869, 0, 0.968583, -6.45775, -1.8263, 44.7826 )

[node name="Arcade_Window" parent="LOD0/MultiMeshConverter/Marker_TunnelWindow008" index="0" instance=ExtResource( 2 )]

[node name="Marker_TunnelWindow009" type="Spatial" parent="LOD0/MultiMeshConverter" index="9"]
transform = Transform( 0.968583, 0, -0.24869, 0, 1, 0, 0.24869, 0, 0.968583, -9.84062, -1.82631, 57.9845 )

[node name="Arcade_Window" parent="LOD0/MultiMeshConverter/Marker_TunnelWindow009" index="0" instance=ExtResource( 2 )]

[node name="Marker_TunnelWindow010" type="Spatial" parent="LOD0/MultiMeshConverter" index="10"]
transform = Transform( 0.968583, 0, -0.24869, 0, 1, 0, 0.24869, 0, 0.968583, -13.2234, -1.82631, 71.1864 )

[node name="Arcade_Window" parent="LOD0/MultiMeshConverter/Marker_TunnelWindow010" index="0" instance=ExtResource( 2 )]
