[gd_scene load_steps=2 format=2]

[ext_resource path="res://Assets/MoonTown/Models/Boat_Radiator/Boat_Radiator.glb" type="PackedScene" id=1]

[node name="Boat_Radiator" instance=ExtResource( 1 )]

[node name="LOD0" parent="." index="0"]
transform = Transform( 0.99863, 0, -0.052336, 0, 1, 0, 0.052336, 0, 0.99863, 0, 0, 0 )

[node name="BoatRadiator" parent="." index="1"]
transform = Transform( 0.99863, 0, -0.052336, 0, 1, 0, 0.052336, 0, 0.99863, 0, 0.141569, 0 )

[node name="shape0" parent="BoatRadiator" index="0"]
transform = Transform( 0.99863, 0, -0.052336, 0, 1, 0, 0.052336, 0, 0.99863, 0, 0, 0 )

[node name="MirrorTrough" parent="." index="2"]
transform = Transform( 0.99863, 0, -0.052336, 0, 1, 0, 0.052336, 0, 0.99863, 0, 0.141569, 0 )

[node name="LOD1" parent="." index="3"]
transform = Transform( 0.99863, 0, -0.052336, 0, 1, 0, 0.052336, 0, 0.99863, 0, 0, 0 )

[node name="LOD2" parent="." index="4"]
transform = Transform( 0.99863, 0, -0.052336, 0, 1, 0, 0.052336, 0, 0.99863, 0, 0, 0 )
